count,wgs_lng,wgs_lat,time
1.0,113.32493933203756,23.14395151388389,2018-10-05-16-00-37
1.0,113.3256877928936,23.143950083802558,2018-10-05-16-00-37
2.0,113.32718472158722,23.143947227970852,2018-10-05-16-00-37
1.0,113.32743421076417,23.143946752704547,2018-10-05-16-00-37
1.0,113.32793319014831,23.143945802888094,2018-10-05-16-00-37
2.0,113.32818268038237,23.143945328362676,2018-10-05-16-00-37
1.0,113.32868166200136,23.14394438013925,2018-10-05-16-00-37
1.0,113.329430137508,23.143942960058123,2018-10-05-16-00-37
2.0,113.32992912338743,23.14394201498423,2018-10-05-16-00-37
2.0,113.33017861702984,23.14394154297841,2018-10-05-16-00-37
1.0,113.33042811115853,23.143941071343132,2018-10-05-16-00-37
2.0,113.33067760578687,23.14394060009075,2018-10-05-16-00-37
2.0,113.33092710092824,23.14394012923361,2018-10-05-16-00-37
1.0,113.33117659659607,23.143939658784053,2018-10-05-16-00-37
2.0,113.33142609280365,23.14393918875439,2018-10-05-16-00-37
1.0,113.33217458479862,23.143937781308182,2018-10-05-16-00-37
2.0,113.33242408329887,23.14393731308143,2018-10-05-16-00-37
1.0,113.33292308213228,23.14393637808479,2018-10-05-16-00-37
1.0,113.33417059052955,23.143934049665283,2018-10-05-16-00-37
2.0,113.33442009425494,23.14393358563485,2018-10-05-16-00-37
1.0,113.33516860976215,23.143932197071162,2018-10-05-16-00-37
1.0,113.33541811641912,23.143931735433284,2018-10-05-16-00-37
2.0,113.33566762384213,23.14393127442411,2018-10-05-16-00-37
1.0,113.33616664103913,23.143930354340785,2018-10-05-16-00-37
1.0,113.33666566145894,23.143929436918807,2018-10-05-16-00-37
2.0,113.33716468520706,23.143928522255603,2018-10-05-16-00-37
1.0,113.32468982851972,23.14420189177734,2018-10-05-16-00-37
2.0,113.32493931504284,23.14420141484511,2018-10-05-16-00-37
2.0,113.32543828871748,23.144200461325912,2018-10-05-16-00-37
1.0,113.32593726331929,23.14419950834945,2018-10-05-16-00-37
2.0,113.32643623895542,23.144198556014594,2018-10-05-16-00-37
2.0,113.32718470458336,23.14419712893169,2018-10-05-16-00-37
1.0,113.32768368327422,23.14419617863361,2018-10-05-16-00-37
1.0,113.32793317314146,23.144195703848826,2018-10-05-16-00-37
2.0,113.3281826633745,23.144195229323355,2018-10-05-16-00-37
1.0,113.32868164499149,23.144194281099853,2018-10-05-16-00-37
2.0,113.32967961320404,23.14419238830868,2018-10-05-16-00-37
1.0,113.32992910637256,23.14419191594462,2018-10-05-16-00-37
1.0,113.33017860001394,23.144191443938755,2018-10-05-16-00-37
1.0,113.33042809414164,23.14419097230344,2018-10-05-16-00-37
1.0,113.33092708390936,23.14419003019384,2018-10-05-16-00-37
1.0,113.33117657957618,23.14418955974423,2018-10-05-16-00-37
1.0,113.33242406627406,23.14418721404141,2018-10-05-16-00-37
1.0,113.33392107047308,23.144184415222963,2018-10-05-16-00-37
2.0,113.33417057349779,23.144183950624967,2018-10-05-16-00-37
2.0,113.33442007722219,23.144183486594486,2018-10-05-16-00-37
1.0,113.3351685927265,23.144182098030683,2018-10-05-16-00-37
1.0,113.3354180993825,23.144181636392755,2018-10-05-16-00-37
2.0,113.3366656444174,23.14417933787807,2018-10-05-16-00-37
2.0,113.33691515586789,23.144178880195497,2018-10-05-16-00-37
1.0,113.33716466816362,23.144178423214782,2018-10-05-16-00-37
1.0,113.33766369534365,23.144177511407555,2018-10-05-16-00-37
1.0,113.32493929804792,23.14445131583911,2018-10-05-16-00-37
1.0,113.32693519873006,23.14444750541393,2018-10-05-16-00-37
1.0,113.32718468757939,23.144447029925328,2018-10-05-16-00-37
1.0,113.32918061122021,23.1444432350553,2018-10-05-16-00-37
3.0,113.32967959618999,23.144442289301907,2018-10-05-16-00-37
1.0,113.33042807712458,23.14444087329653,2018-10-05-16-00-37
1.0,113.33067757175093,23.144440402044072,2018-10-05-16-00-37
1.0,113.33117656255614,23.1444394607372,2018-10-05-16-00-37
1.0,113.33367155110486,23.144434781368762,2018-10-05-16-00-37
1.0,113.33392105344214,23.144434316215477,2018-10-05-16-00-37
2.0,113.33491906978844,23.14443246127745,2018-10-05-16-00-37
2.0,113.33666562737574,23.144429238870124,2018-10-05-16-00-37
1.0,113.33716465112002,23.144428324206746,2018-10-05-16-00-37
1.0,113.33766367829813,23.14442741239944,2018-10-05-16-00-37
1.0,113.32568774189974,23.144699786784248,2018-10-05-16-00-37
1.0,113.32768364926201,23.144695980653548,2018-10-05-16-00-37
1.0,113.33042806010737,23.144690774322466,2018-10-05-16-00-37
1.0,113.33092704987111,23.14468983221269,2018-10-05-16-00-37
1.0,113.33117654553593,23.144689361763007,2018-10-05-16-00-37
2.0,113.33142604174051,23.144688891733228,2018-10-05-16-00-37
2.0,113.33167553849827,23.14468842213569,2018-10-05-16-00-37
1.0,113.3319250358225,23.144687952982718,2018-10-05-16-00-37
1.0,113.33267353132764,23.14468654831441,2018-10-05-16-00-37
2.0,113.33292303105131,23.14468608106287,2018-10-05-16-00-37
1.0,113.33317253140815,23.144685614317456,2018-10-05-16-00-37
1.0,113.3341705394338,23.144683752642738,2018-10-05-16-00-37
1.0,113.3349190527534,23.14468236230262,2018-10-05-16-00-37
2.0,113.3354180653087,23.14468143841011,2018-10-05-16-00-37
1.0,113.33566757272877,23.14468097740082,2018-10-05-16-00-37
1.0,113.33591708092811,23.144680517032466,2018-10-05-16-00-37
1.0,113.3366656103339,23.14467913989501,2018-10-05-16-00-37
1.0,113.33766366125242,23.144677313424157,2018-10-05-16-00-37
1.0,113.3249392640576,23.144951117925682,2018-10-05-16-00-37
6.0,113.32618670000096,23.14494873517559,2018-10-05-16-00-37
1.0,113.32643618795198,23.144948259094424,2018-10-05-16-00-37
1.0,113.32743414274375,23.14494635674469,2018-10-05-16-00-37
1.0,113.33042804308997,23.144940675381278,2018-10-05-16-00-37
1.0,113.33117652851554,23.144939262821694,2018-10-05-16-00-37
1.0,113.33267351430128,23.14493644937285,2018-10-05-16-00-37
1.0,113.33292301402399,23.14493598212127,2018-10-05-16-00-37
1.0,113.33317251437984,23.144935515375813,2018-10-05-16-00-37
1.0,113.33367151704444,23.144934583452425,2018-10-05-16-00-37
2.0,113.33392101937977,23.14493411829905,2018-10-05-16-00-37
2.0,113.33491903571822,23.14493226336069,2018-10-05-16-00-37
1.0,113.33516854161849,23.144931801106143,2018-10-05-16-00-37
1.0,113.33541804827156,23.144931339468087,2018-10-05-16-00-37
1.0,113.33566755569063,23.144930878458762,2018-10-05-16-00-37
1.0,113.33591706388901,23.14493041809036,2018-10-05-16-00-37
1.0,113.33616657287986,23.144929958375112,2018-10-05-16-00-37
1.0,113.32468976054315,23.145201495950754,2018-10-05-16-00-37
2.0,113.3249392470622,23.14520101901836,2018-10-05-16-00-37
1.0,113.32668565918587,23.14519768429077,2018-10-05-16-00-37
2.0,113.32693514772005,23.14519720859219,2018-10-05-16-00-37
1.0,113.33042802607241,23.145190576473052,2018-10-05-16-00-37
2.0,113.33317249735136,23.14518541646713,2018-10-05-16-00-37
1.0,113.33367150001398,23.14518448454365,2018-10-05-16-00-37
2.0,113.3339210023483,23.145184019390243,2018-10-05-16-00-37
1.0,113.33417050536913,23.145183554792084,2018-10-05-16-00-37
1.0,113.33442000908958,23.145183090761442,2018-10-05-16-00-37
1.0,113.3346695135231,23.145182627310568,2018-10-05-16-00-37
1.0,113.33491901868284,23.145182164451715,2018-10-05-16-00-37
1.0,113.33516852458216,23.145181702197128,2018-10-05-16-00-37
2.0,113.33566753865236,23.145180779549662,2018-10-05-16-00-37
2.0,113.33591704684977,23.145180319181215,2018-10-05-16-00-37
1.0,113.32568769090443,23.14544949006197,2018-10-05-16-00-37
1.0,113.32693513071638,23.14544710971754,2018-10-05-16-00-37
1.0,113.32918054317034,23.145442839357425,2018-10-05-16-00-37
1.0,113.33017851493194,23.14544094923335,2018-10-05-16-00-37
1.0,113.33067750367704,23.1454400063452,2018-10-05-16-00-37
1.0,113.33092699881244,23.14543953548781,2018-10-05-16-00-37
1.0,113.33167548743064,23.14543812541043,2018-10-05-16-00-37
1.0,113.33317248032273,23.14543531759145,2018-10-05-16-00-37
2.0,113.33392098531671,23.145433920514435,2018-10-05-16-00-37
1.0,113.33491900164734,23.145432065575736,2018-10-05-16-00-37
1.0,113.33516850754565,23.145431603321107,2018-10-05-16-00-37
1.0,113.33541801419676,23.14543114168297,2018-10-05-16-00-37
1.0,113.33591702981032,23.14543022030508,2018-10-05-16-00-37
2.0,113.32493921307086,23.14570082130279,2018-10-05-16-00-37
1.0,113.32593716132305,23.145698914806136,2018-10-05-16-00-37
1.0,113.32643613694704,23.145697962470788,2018-10-05-16-00-37
2.0,113.3281825613238,23.145694635777808,2018-10-05-16-00-37
1.0,113.32843205192995,23.145694161523785,2018-10-05-16-00-37
1.0,113.33092698179256,23.145689436645554,2018-10-05-16-00-37
1.0,113.332922962941,23.14568568549441,2018-10-05-16-00-37
2.0,113.33317246329392,23.145685218748824,2018-10-05-16-00-37
1.0,113.33367146595259,23.14568428682518,2018-10-05-16-00-37
1.0,113.33392096828496,23.145683821671692,2018-10-05-16-00-37
1.0,113.33516849050898,23.145681504478148,2018-10-05-16-00-37
1.0,113.33566750457528,23.145680581830522,2018-10-05-16-00-37
2.0,113.33616652175868,23.145679661746613,2018-10-05-16-00-37
1.0,113.32493919607498,23.145950722494653,2018-10-05-16-00-37
1.0,113.3259371443231,23.14594881599784,2018-10-05-16-00-37
2.0,113.3261866319981,23.14594833974374,2018-10-05-16-00-37
1.0,113.32643611994509,23.14594786366241,2018-10-05-16-00-37
2.0,113.32668560817741,23.145947387766203,2018-10-05-16-00-37
1.0,113.32693509670857,23.14594691206749,2018-10-05-16-00-37
2.0,113.32718458555185,23.14594643657864,2018-10-05-16-00-37
1.0,113.32768356422855,23.145945486279977,2018-10-05-16-00-37
1.0,113.32818254431477,23.145944536969143,2018-10-05-16-00-37
1.0,113.32868152591766,23.14594358874505,2018-10-05-16-00-37
1.0,113.3294300014002,23.14594216866293,2018-10-05-16-00-37
1.0,113.32967949410215,23.14594169595273,2018-10-05-16-00-37
1.0,113.32992898726364,23.145941223588377,2018-10-05-16-00-37
1.0,113.33042797501874,23.145940279946608,2018-10-05-16-00-37
1.0,113.33067746963907,23.145939808693903,2018-10-05-16-00-37
2.0,113.33092696477249,23.145939337836428,2018-10-05-16-00-37
1.0,113.33117646043236,23.145938867386533,2018-10-05-16-00-37
2.0,113.331924950704,23.145937458605623,2018-10-05-16-00-37
1.0,113.3321744486031,23.145936989909334,2018-10-05-16-00-37
1.0,113.3324239470954,23.145936521682263,2018-10-05-16-00-37
1.0,113.33267344619429,23.14593605393669,2018-10-05-16-00-37
1.0,113.33342194726336,23.14593465371211,2018-10-05-16-00-37
1.0,113.33367144892162,23.145934188015598,2018-10-05-16-00-37
2.0,113.33516847347214,23.14593140566832,2018-10-05-16-00-37
2.0,113.33541798012129,23.145930944030102,2018-10-05-16-00-37
1.0,113.33566748753651,23.145930483020603,2018-10-05-16-00-37
1.0,113.33616650471794,23.14592956293661,2018-10-05-16-00-37
1.0,113.32643610294295,23.146197764887198,2018-10-05-16-00-37
1.0,113.32668559117428,23.146197288990955,2018-10-05-16-00-37
1.0,113.32693507970438,23.146196813292203,2018-10-05-16-00-37
1.0,113.32793303708056,23.146194912719444,2018-10-05-16-00-37
1.0,113.33017846388081,23.146190652806396,2018-10-05-16-00-37
3.0,113.33092694775229,23.14618923906048,2018-10-05-16-00-37
2.0,113.33117644341112,23.14618876861054,2018-10-05-16-00-37
1.0,113.33367143189051,23.146184089239192,2018-10-05-16-00-37
1.0,113.33417043723776,23.146183159487286,2018-10-05-16-00-37
1.0,113.33566747049755,23.146180384243856,2018-10-05-16-00-37
1.0,113.33666550807938,23.146178546737037,2018-10-05-16-00-37
1.0,113.3256876229083,23.146449094895395,2018-10-05-16-00-37
1.0,113.32693506270006,23.14644671455014,2018-10-05-16-00-37
1.0,113.32718455154135,23.146446239061213,2018-10-05-16-00-37
3.0,113.32743404070818,23.1464457637945,2018-10-05-16-00-37
2.0,113.32868149189508,23.14644339122713,2018-10-05-16-00-37
2.0,113.32893098329674,23.14644291755344,2018-10-05-16-00-37
1.0,113.3294299673716,23.146441971144753,2018-10-05-16-00-37
2.0,113.33042794098213,23.146440082428107,2018-10-05-16-00-37
1.0,113.3336714148592,23.14643399049601,2018-10-05-16-00-37
2.0,113.33417042020453,23.14643306074402,2018-10-05-16-00-37
1.0,113.33516843939799,23.146431208148226,2018-10-05-16-00-37
1.0,113.33541794604518,23.146430746509925,2018-10-05-16-00-37
1.0,113.33566745345844,23.14643028550034,2018-10-05-16-00-37
1.0,113.32518863180428,23.146699949447857,2018-10-05-16-00-37
1.0,113.32568760590887,23.14669899618684,2018-10-05-16-00-37
1.0,113.3266855571675,23.14669709154021,2018-10-05-16-00-37
1.0,113.32693504569558,23.14669661584137,2018-10-05-16-00-37
1.0,113.32718453453585,23.146696140352397,2018-10-05-16-00-37
1.0,113.32793300306368,23.146694715268282,2018-10-05-16-00-37
1.0,113.32818249328665,23.1466942407424,2018-10-05-16-00-37
1.0,113.32843198388879,23.14669376648821,2018-10-05-16-00-37
1.0,113.32868147488352,23.146693292518073,2018-10-05-16-00-37
1.0,113.3289309662842,23.146692818844336,2018-10-05-16-00-37
1.0,113.32918045810423,23.146692345479394,2018-10-05-16-00-37
1.0,113.32992893621449,23.14669092736077,2018-10-05-16-00-37
2.0,113.33117640936821,23.1466885711583,2018-10-05-16-00-37
1.0,113.33242389601637,23.146686225453404,2018-10-05-16-00-37
2.0,113.33292289482806,23.146685290455842,2018-10-05-16-00-37
2.0,113.33342189617248,23.146684357482762,2018-10-05-16-00-37
1.0,113.33367139782776,23.14668389178612,2018-10-05-16-00-37
2.0,113.33392090015622,23.146683426632453,2018-10-05-16-00-37
1.0,113.3341704031711,23.14668296203405,2018-10-05-16-00-37
1.0,113.3344199068857,23.14668249800315,2018-10-05-16-00-37
1.0,113.3346694113133,23.14668203455203,2018-10-05-16-00-37
1.0,113.33516842236065,23.14668110943809,2018-10-05-16-00-37
1.0,113.33541792900688,23.146680647799744,2018-10-05-16-00-37
1.0,113.33591694461072,23.14667972642143,2018-10-05-16-00-37
2.0,113.33616645359474,23.14667926670588,2018-10-05-16-00-37
2.0,113.33641596338451,23.146678807655658,2018-10-05-16-00-37
1.0,113.33666547399321,23.146678349282972,2018-10-05-16-00-37
1.0,113.3371644977201,23.14667743461884,2018-10-05-16-00-37
1.0,113.33741401086466,23.146676978351728,2018-10-05-16-00-37
1.0,113.32543810174208,23.14694937407433,2018-10-05-16-00-37
1.0,113.32618656399256,23.14694794484269,2018-10-05-16-00-37
1.0,113.3264360519355,23.146947468761198,2018-10-05-16-00-37
2.0,113.32668554016381,23.146946992864827,2018-10-05-16-00-37
1.0,113.327434006695,23.146945566410142,2018-10-05-16-00-37
4.0,113.3286814578718,23.146943193842354,2018-10-05-16-00-37
4.0,113.3289309492715,23.146942720168585,2018-10-05-16-00-37
1.0,113.32918044109051,23.146942246803594,2018-10-05-16-00-37
2.0,113.33142588854211,23.14693800245202,2018-10-05-16-00-37
1.0,113.33217438050134,23.14693659500432,2018-10-05-16-00-37
1.0,113.33292287779936,23.146935191779427,2018-10-05-16-00-37
11.0,113.33342187914181,23.146934258806247,2018-10-05-16-00-37
7.0,113.33367138079616,23.146933793109568,2018-10-05-16-00-37
2.0,113.33392088312358,23.14693332795587,2018-10-05-16-00-37
1.0,113.33466939427777,23.146931935875315,2018-10-05-16-00-37
1.0,113.33516840532313,23.14693101076129,2018-10-05-16-00-37
2.0,113.3354179119684,23.146930549122906,2018-10-05-16-00-37
2.0,113.33566741937969,23.146930088113237,2018-10-05-16-00-37
1.0,113.33591692757028,23.146929627744512,2018-10-05-16-00-37
1.0,113.33641594634214,23.146928708978663,2018-10-05-16-00-37
1.0,113.33666545694986,23.146928250605928,2018-10-05-16-00-37
1.0,113.33766350783364,23.146926424133557,2018-10-05-16-00-37
1.0,113.32568757190948,23.147198798869805,2018-10-05-16-00-37
2.0,113.32618654699075,23.147197846200797,2018-10-05-16-00-37
1.0,113.33017839581024,23.147190258035966,2018-10-05-16-00-37
1.0,113.33167536826704,23.147187434211297,2018-10-05-16-00-37
2.0,113.33292286077055,23.147185093136407,2018-10-05-16-00-37
26.0,113.33342186211101,23.14718416016315,2018-10-05-16-00-37
5.0,113.33367136376437,23.147183694466428,2018-10-05-16-00-37
1.0,113.33392086609085,23.14718322931268,2018-10-05-16-00-37
2.0,113.33441987281641,23.147182300683212,2018-10-05-16-00-37
1.0,113.33466937724205,23.147181837232004,2018-10-05-16-00-37
1.0,113.33741397677204,23.14717678103078,2018-10-05-16-00-37
1.0,113.32493909409605,23.147450130344506,2018-10-05-16-00-37
1.0,113.32518858081103,23.14744965352271,2018-10-05-16-00-37
2.0,113.32718448351831,23.147445844426255,2018-10-05-16-00-37
1.0,113.32992888516381,23.147440631433266,2018-10-05-16-00-37
1.0,113.33017837879218,23.147440159426857,2018-10-05-16-00-37
1.0,113.3309268626487,23.147438745680322,2018-10-05-16-00-37
1.0,113.33267334402876,23.14743546177884,2018-10-05-16-00-37
1.0,113.33392084905789,23.147433130702964,2018-10-05-16-00-37
1.0,113.33466936020618,23.147431738622156,2018-10-05-16-00-37
1.0,113.33516837124762,23.147430813507963,2018-10-05-16-00-37
1.0,113.33541787789093,23.147430351869488,2018-10-05-16-00-37
1.0,113.32468959059008,23.14770050870259,2018-10-05-16-00-37
1.0,113.32518856381294,23.14769955494795,2018-10-05-16-00-37
1.0,113.32718446651216,23.147695745851173,2018-10-05-16-00-37
1.0,113.33117634128034,23.147688176654416,2018-10-05-16-00-37
1.0,113.33167533421879,23.147687237026105,2018-10-05-16-00-37
1.0,113.33267332700058,23.14768536320283,2018-10-05-16-00-37
1.0,113.33292282671238,23.1476848959508,2018-10-05-16-00-37
1.0,113.33367132970028,23.147683497280568,2018-10-05-16-00-37
2.0,113.33466934317013,23.14768164004581,2018-10-05-16-00-37
1.0,113.32518854681469,23.147949456406756,2018-10-05-16-00-37
1.0,113.3259370083175,23.14794802673049,2018-10-05-16-00-37
1.0,113.32668547214752,23.147946598497864,2018-10-05-16-00-37
1.0,113.32718444950581,23.14794564730964,2018-10-05-16-00-37
1.0,113.33042783886827,23.14793949067331,2018-10-05-16-00-37
1.0,113.33067733348065,23.147939019420267,2018-10-05-16-00-37
1.0,113.33117632425795,23.14793807811223,2018-10-05-16-00-37
1.0,113.33317231002708,23.14793433066236,2018-10-05-16-00-37
1.0,113.33342181101763,23.14793386443481,2018-10-05-16-00-37
2.0,113.3344198217112,23.14793200495437,2018-10-05-16-00-37
1.0,113.33566735122021,23.147929693740288,2018-10-05-16-00-37
2.0,113.33641587817101,23.147928314605213,2018-10-05-16-00-37
1.0,113.33666538877485,23.14792785623231,2018-10-05-16-00-37
1.0,113.32518852981629,23.148199357899195,2018-10-05-16-00-37
1.0,113.32593699131606,23.148197928222803,2018-10-05-16-00-37
2.0,113.327932901009,23.148194123716888,2018-10-05-16-00-37
2.0,113.32918035601942,23.14819175392675,2018-10-05-16-00-37
2.0,113.32942984826622,23.14819128088268,2018-10-05-16-00-37
1.0,113.33167530016986,23.14818703997519,2018-10-05-16-00-37
1.0,113.33242379385379,23.148185633897533,2018-10-05-16-00-37
2.0,113.33392079795807,23.14818283507508,2018-10-05-16-00-37
1.0,113.33616635134385,23.148178675146244,2018-10-05-16-00-37
1.0,113.33716439544598,23.1481768430582,2018-10-05-16-00-37
1.0,113.33766342259516,23.14817593124963,2018-10-05-16-00-37
1.0,113.32493902610678,23.14844973624727,2018-10-05-16-00-37
1.0,113.3259369743144,23.148447829748804,2018-10-05-16-00-37
2.0,113.32718441549265,23.14844545032753,2018-10-05-16-00-37
1.0,113.3294298312505,23.148441182408103,2018-10-05-16-00-37
1.0,113.32967932394243,23.14844070969748,2018-10-05-16-00-37
1.0,113.33317227596594,23.14843413367826,2018-10-05-16-00-37
1.0,113.33566731713944,23.148429496755362,2018-10-05-16-00-37
1.0,113.33691486612035,23.14842720156375,2018-10-05-16-00-37
1.0,113.33716437839969,23.148426744582324,2018-10-05-16-00-37
1.0,113.33741389153751,23.148426288314923,2018-10-05-16-00-37
1.0,113.32468952260416,23.148700114740144,2018-10-05-16-00-37
1.0,113.32593695731262,23.14869773130853,2018-10-05-16-00-37
1.0,113.32618644497649,23.148697255053968,2018-10-05-16-00-37
1.0,113.32643593291237,23.14869677897219,2018-10-05-16-00-37
1.0,113.3271843984858,23.148695351887053,2018-10-05-16-00-37
1.0,113.32743388764358,23.148694876619967,2018-10-05-16-00-37
2.0,113.32942981423462,23.14869108396725,2018-10-05-16-00-37
1.0,113.32967930692554,23.148690611256594,2018-10-05-16-00-37
1.0,113.3311762731898,23.148687782687656,2018-10-05-16-00-37
1.0,113.33541779269436,23.148679859323433,2018-10-05-16-00-37
3.0,113.33566730009883,23.14867939831347,2018-10-05-16-00-37
1.0,113.33591680828259,23.14867893794445,2018-10-05-16-00-37
2.0,113.3364158270409,23.148678019178014,2018-10-05-16-00-37
1.0,113.3366653376418,23.148677560804984,2018-10-05-16-00-37
1.0,113.32518847882004,23.148949062578808,2018-10-05-16-00-37
1.0,113.3256874529064,23.148948109317054,2018-10-05-16-00-37
1.0,113.32768336013132,23.148944303180727,2018-10-05-16-00-37
1.0,113.32967928990848,23.148940512849503,2018-10-05-16-00-37
1.0,113.32992878305795,23.148940040484646,2018-10-05-16-00-37
1.0,113.33017827668034,23.148939568478,2018-10-05-16-00-37
1.0,113.33042777078907,23.14893909684189,2018-10-05-16-00-37
1.0,113.33067726539744,23.148938625588684,2018-10-05-16-00-37
1.0,113.33142575235443,23.14893721424983,2018-10-05-16-00-37
1.0,113.33516826901709,23.148930222554107,2018-10-05-16-00-37
1.0,113.33541777565456,23.14892976091539,2018-10-05-16-00-37
1.0,113.33566728305806,23.148929299905387,2018-10-05-16-00-37
1.0,113.32468948861023,23.149199917961464,2018-10-05-16-00-37
2.0,113.32493897511308,23.149199441028408,2018-10-05-16-00-37
1.0,113.32743385362741,23.149194679840388,2018-10-05-16-00-37
1.0,113.32918028795956,23.14919136023123,2018-10-05-16-00-37
1.0,113.32942978020232,23.149190887187004,2018-10-05-16-00-37
1.0,113.32992876603971,23.149189942111374,2018-10-05-16-00-37
1.0,113.33042775376884,23.14918899846853,2018-10-05-16-00-37
1.0,113.33067724837622,23.14918852721528,2018-10-05-16-00-37
1.0,113.33117623914356,23.14918758590683,2018-10-05-16-00-37
1.0,113.3314257353302,23.149187115876302,2018-10-05-16-00-37
1.0,113.33242372574206,23.149185240199852,2018-10-05-16-00-37
1.0,113.33417023282772,23.149181976777577,2018-10-05-16-00-37
2.0,113.33466924095032,23.149181049294725,2018-10-05-16-00-37
1.0,113.33491874609443,23.149180586435214,2018-10-05-16-00-37
1.0,113.33666530355231,23.14917736402232,2018-10-05-16-00-37
1.0,113.32468947161301,23.14944981962296,2018-10-05-16-00-37
1.0,113.32493895811486,23.149449342689856,2018-10-05-16-00-37
1.0,113.32693485863514,23.149445532258067,2018-10-05-16-00-37
1.0,113.3271843474643,23.149445056768638,2018-10-05-16-00-37
1.0,113.32743383661908,23.14944458150143,2018-10-05-16-00-37
1.0,113.32843179676188,23.149442682902173,2018-10-05-16-00-37
1.0,113.32893077913519,23.14944173525739,2018-10-05-16-00-37
1.0,113.32992874902136,23.149439843771997,2018-10-05-16-00-37
1.0,113.33117622212015,23.149437487567248,2018-10-05-16-00-37
1.0,113.33142571830584,23.149437017536677,2018-10-05-16-00-37
1.0,113.33167521504471,23.14943654793835,2018-10-05-16-00-37
1.0,113.3321742102353,23.14943561008773,2018-10-05-16-00-37
1.0,113.3251884278223,23.14969876756311,2018-10-05-16-00-37
1.0,113.32718433045679,23.149694958463677,2018-10-05-16-00-37
1.0,113.32893076212063,23.14969163695215,2018-10-05-16-00-37
1.0,113.33017822562219,23.149689273459806,2018-10-05-16-00-37
2.0,113.33092670945172,23.14968785971215,2018-10-05-16-00-37
1.0,113.33167519801916,23.14968644963265,2018-10-05-16-00-37
1.0,113.3329226904731,23.14968410855568,2018-10-05-16-00-37
1.0,113.3331721908102,23.149683641809432,2018-10-05-16-00-37
2.0,113.33342169179384,23.149683175581593,2018-10-05-16-00-37
1.0,113.33491871201788,23.14968038978876,2018-10-05-16-00-37
2.0,113.32493892411787,23.149949146114718,2018-10-05-16-00-37
2.0,113.3259368723012,23.149947239615265,2018-10-05-16-00-37
1.0,113.32618635996002,23.149946763360497,2018-10-05-16-00-37
1.0,113.326685336107,23.14994581138164,2018-10-05-16-00-37
2.0,113.32942972915268,23.14994059227108,2018-10-05-16-00-37
1.0,113.32992871498405,23.1499396471952,2018-10-05-16-00-37
1.0,113.33142568425659,23.149936820959386,2018-10-05-16-00-37
2.0,113.33167518099344,23.14993635136097,2018-10-05-16-00-37
1.0,113.33217417618003,23.149935413510185,2018-10-05-16-00-37
1.0,113.33242367465652,23.149934945282435,2018-10-05-16-00-37
1.0,113.33267317373951,23.14993447753621,2018-10-05-16-00-37
1.0,113.33716427611857,23.149926154437555,2018-10-05-16-00-37
1.0,113.32568736789922,23.150197617793808,2018-10-05-16-00-37
2.0,113.32593685529842,23.15019714137861,2018-10-05-16-00-37
2.0,113.32768327508371,23.15019381165582,2018-10-05-16-00-37
1.0,113.32918021989704,23.150190967078252,2018-10-05-16-00-37
1.0,113.32992869796516,23.15018954895789,2018-10-05-16-00-37
1.0,113.33067718028968,23.150188134061302,2018-10-05-16-00-37
1.0,113.33092667540613,23.15018766320312,2018-10-05-16-00-37
1.0,113.33142566723171,23.150186722721823,2018-10-05-16-00-37
2.0,113.33167516396757,23.15018625312337,2018-10-05-16-00-37
1.0,113.33192466126995,23.150185783969487,2018-10-05-16-00-37
1.0,113.3321741591522,23.150185315272488,2018-10-05-16-00-37
1.0,113.33441966838656,23.150181119589792,2018-10-05-16-00-37
2.0,113.3351681838204,23.15017973102297,2018-10-05-16-00-37
1.0,113.32493889012024,23.15044894967589,2018-10-05-16-00-37
1.0,113.32693479060816,23.15044513924277,2018-10-05-16-00-37
1.0,113.32743376858403,23.1504441884858,2018-10-05-16-00-37
1.0,113.32843172871073,23.150442289885877,2018-10-05-16-00-37
1.0,113.32868121969038,23.150441815915123,2018-10-05-16-00-37
1.0,113.32967918780264,23.15043992311981,2018-10-05-16-00-37
1.0,113.32992868094613,23.15043945075471,2018-10-05-16-00-37
1.0,113.33017817456249,23.150438978747808,2018-10-05-16-00-37
1.0,113.3306771632676,23.150438035858,2018-10-05-16-00-37
2.0,113.33092665838306,23.15043756499977,2018-10-05-16-00-37
1.0,113.33292263938058,23.150433813842312,2018-10-05-16-00-37
1.0,113.33516816678056,23.150429632818923,2018-10-05-16-00-37
2.0,113.33666521832559,23.150426872660034,2018-10-05-16-00-37
1.0,113.32967917078443,23.150689824950863,2018-10-05-16-00-37
1.0,113.33292262234946,23.150683715672823,2018-10-05-16-00-37
1.0,113.33392062761452,23.15068185184677,2018-10-05-16-00-37
1.0,113.33591667194383,23.15067815163039,2018-10-05-16-00-37
1.0,113.3361661809123,23.150677691914172,2018-10-05-16-00-37
2.0,113.33666520127977,23.150676774489927,2018-10-05-16-00-37
1.0,113.33691471270508,23.15067631680625,2018-10-05-16-00-37
1.0,113.33716422497574,23.150675859824446,2018-10-05-16-00-37
1.0,113.32568731689292,23.150947323289014,2018-10-05-16-00-37
1.0,113.32668526808277,23.15094541863957,2018-10-05-16-00-37
1.0,113.33017814052191,23.150938782443987,2018-10-05-16-00-37
1.0,113.3304276346226,23.150938310807554,2018-10-05-16-00-37
1.0,113.33242360654013,23.15093455253655,2018-10-05-16-00-37
1.0,113.33417011357744,23.15093128911224,2018-10-05-16-00-37
1.0,113.33541763933002,23.150928974874386,2018-10-05-16-00-37
2.0,113.33566714672571,23.15092851386405,2018-10-05-16-00-37
4.0,113.33666518423377,23.15092667635405,2018-10-05-16-00-37
1.0,113.33691469565814,23.150926218670346,2018-10-05-16-00-37
1.0,113.3371642079278,23.150925761688494,2018-10-05-16-00-37
1.0,113.32818218708658,23.151192469737392,2018-10-05-16-00-37
1.0,113.32843167767064,23.15119199548245,2018-10-05-16-00-37
1.0,113.32918015183182,23.151190574471396,2018-10-05-16-00-37
1.0,113.32942964406658,23.15119010142683,2018-10-05-16-00-37
1.0,113.32967913674749,23.151189628715763,2018-10-05-16-00-37
2.0,113.33142559913055,23.15118633011348,2018-10-05-16-00-37
1.0,113.33292258828665,23.15118351943664,2018-10-05-16-00-37
1.0,113.3349186097842,23.15117980066772,2018-10-05-16-00-37
1.0,113.3354176222887,23.151178876773034,2018-10-05-16-00-37
1.0,113.32718421139963,23.15144427128474,2018-10-05-16-00-37
1.0,113.32793267987005,23.151442846198268,2018-10-05-16-00-37
1.0,113.32868115163255,23.151441423445693,2018-10-05-16-00-37
1.0,113.3291801348151,23.15144047640544,2018-10-05-16-00-37
1.0,113.32942962704887,23.151440003360833,2018-10-05-16-00-37
1.0,113.33242357248092,23.1514343563692,2018-10-05-16-00-37
1.0,113.33342157256187,23.151432488395386,2018-10-05-16-00-37
1.0,113.33417007950443,23.151431092944303,2018-10-05-16-00-37
1.0,113.33641563955095,23.15142693855877,2018-10-05-16-00-37
1.0,113.32768317302114,23.151693222952954,2018-10-05-16-00-37
1.0,113.32818215306105,23.15169227364021,2018-10-05-16-00-37
1.0,113.32843164364306,23.151691799385194,2018-10-05-16-00-37
1.0,113.3286811346177,23.151691325414227,2018-10-05-16-00-37
1.0,113.32893062599823,23.151690851739673,2018-10-05-16-00-37
2.0,113.329429610031,23.15168990532924,2018-10-05-16-00-37
50.0,113.33017808945972,23.15168848824567,2018-10-05-16-00-37
2.0,113.33042758355744,23.15168801660911,2018-10-05-16-00-37
1.0,113.33516808157887,23.151679142312627,2018-10-05-16-00-37
2.0,113.32593673627429,23.151946454680942,2018-10-05-16-00-37
1.0,113.32743366652649,23.15194359998916,2018-10-05-16-00-37
1.0,113.32843162662901,23.15194170138824,2018-10-05-16-00-37
2.0,113.32868111760263,23.15194122741723,2018-10-05-16-00-37
1.0,113.32893060898222,23.151940753742643,2018-10-05-16-00-37
1.0,113.32942959301292,23.15193980733213,2018-10-05-16-00-37
2.0,113.32967908569084,23.151939334620927,2018-10-05-16-00-37
1.0,113.32992857882827,23.151938862255577,2018-10-05-16-00-37
4.0,113.33017807243868,23.15193839024843,2018-10-05-16-00-37
1.0,113.33067706113178,23.151937447358122,2018-10-05-16-00-37
1.0,113.33192454207723,23.151935097264857,2018-10-05-16-00-37
1.0,113.33317203751936,23.151932758593563,2018-10-05-16-00-37
1.0,113.33342153849414,23.151932292365352,2018-10-05-16-00-37
1.0,113.33591658672668,23.15192766129525,2018-10-05-16-00-37
14.0,113.33691462746854,23.15192582647028,2018-10-05-16-00-37
1.0,113.32518825781902,23.15219778639729,2018-10-05-16-00-37
1.0,113.32543774473314,23.152197309698032,2018-10-05-16-00-37
1.0,113.32568723187906,23.15219683313446,2018-10-05-16-00-37
1.0,113.32868110058743,23.15219112945477,2018-10-05-16-00-37
1.0,113.328930591966,23.152190655780128,2018-10-05-16-00-37
2.0,113.32942957599472,23.152189709369534,2018-10-05-16-00-37
1.0,113.3296790686716,23.152189236658298,2018-10-05-16-00-37
1.0,113.33092653921705,23.15218687853681,2018-10-05-16-00-37
1.0,113.33242352139088,23.15218406237641,2018-10-05-16-00-37
1.0,113.33342152145998,23.152182194402094,2018-10-05-16-00-37
1.0,113.33566706151258,23.152178023701197,2018-10-05-16-00-37
1.0,113.33591656968274,23.152177563331584,2018-10-05-16-00-37
1.0,113.3366650990012,23.152176186190356,2018-10-05-16-00-37
2.0,113.3246892676334,23.152448642226204,2018-10-05-16-00-37
1.0,113.32493875412308,23.15244816529261,2018-10-05-16-00-37
2.0,113.32593670226588,23.15244625879149,2018-10-05-16-00-37
1.0,113.32743363250596,23.152443404099216,2018-10-05-16-00-37
2.0,113.3279326118216,23.152442454279946,2018-10-05-16-00-37
1.0,113.32967905165222,23.152439138730244,2018-10-05-16-00-37
1.0,113.33142551400032,23.15243584012651,2018-10-05-16-00-37
1.0,113.33167501072724,23.152435370527684,2018-10-05-16-00-37
1.0,113.33192450802065,23.15243490137343,2018-10-05-16-00-37
1.0,113.33541753707962,23.15242838678273,2018-10-05-16-00-37
1.0,113.33566704446949,23.15242792577214,2018-10-05-16-00-37
2.0,113.33741361875904,23.152424717326998,2018-10-05-16-00-37
1.0,113.3249387371227,23.152698067399978,2018-10-05-16-00-37
1.0,113.3271841263538,23.15269378147392,2018-10-05-16-00-37
1.0,113.32818208500791,23.15269188185995,2018-10-05-16-00-37
1.0,113.33167499369968,23.152685272633942,2018-10-05-16-00-37
1.0,113.33566702742618,23.15267782787773,2018-10-05-16-00-37
1.0,113.33666506490702,23.15267599036656,2018-10-05-16-00-37
1.0,113.3369145763246,23.152675532682558,2018-10-05-16-00-37
3.0,113.33716408858756,23.152675075700422,2018-10-05-16-00-37
1.0,113.3276830879644,23.152942733314642,2018-10-05-16-00-37
1.0,113.32942952493906,23.15293941568948,2018-10-05-16-00-37
2.0,113.32967901761295,23.152938942978114,2018-10-05-16-00-37
1.0,113.3301780043528,23.152937998605285,2018-10-05-16-00-37
1.0,113.33142547994707,23.1529356443738,2018-10-05-16-00-37
2.0,113.331674976672,23.15293517477489,2018-10-05-16-00-37
1.0,113.32718409233429,23.15319358579206,2018-10-05-16-00-37
2.0,113.32868103252493,23.153190737951274,2018-10-05-16-00-37
1.0,113.32893052389947,23.153190264276468,2018-10-05-16-00-37
1.0,113.32942950792015,23.153189317865554,2018-10-05-16-00-37
1.0,113.33167495964413,23.15318507695059,2018-10-05-16-00-37
1.0,113.33616601046414,23.153176712106625,2018-10-05-16-00-37
1.0,113.32793254377053,23.15344206291585,2018-10-05-16-00-37
2.0,113.32868101550888,23.15344064016228,2018-10-05-16-00-37
1.0,113.32893050688244,23.15344016648743,2018-10-05-16-00-37
2.0,113.32992847670444,23.15343827499938,2018-10-05-16-00-37
2.0,113.33067695898994,23.153436860101177,2018-10-05-16-00-37
1.0,113.33167494261608,23.15343497916109,2018-10-05-16-00-37
1.0,113.3336709379155,23.153431239407897,2018-10-05-16-00-37
1.0,113.32493866911943,23.153697676176968,2018-10-05-16-00-37
1.0,113.32518815580907,23.153697199354138,2018-10-05-16-00-37
1.0,113.32743354745176,23.15369291498152,2018-10-05-16-00-37
1.0,113.32768303692836,23.153692439948195,2018-10-05-16-00-37
1.0,113.32868099849269,23.153690542408146,2018-10-05-16-00-37
1.0,113.32893048986523,23.153690068733248,2018-10-05-16-00-37
2.0,113.33042744737635,23.153687233600703,2018-10-05-16-00-37
1.0,113.33167492558788,23.15368488140646,2018-10-05-16-00-37
1.0,113.33192442287634,23.153684412251998,2018-10-05-16-00-37
1.0,113.33342141925165,23.153681607350737,2018-10-05-16-00-37
1.0,113.337413533507,23.15367422820097,2018-10-05-16-00-37
1.0,113.32468916563464,23.153948055392213,2018-10-05-16-00-37
1.0,113.326685063994,23.153944243720666,2018-10-05-16-00-37
1.0,113.32718404130381,23.15394329253045,2018-10-05-16-00-37
1.0,113.32893047284786,23.153939971013994,2018-10-05-16-00-37
1.0,113.32992844266184,23.15393807952561,2018-10-05-16-00-37
1.0,113.33017793626423,23.15393760751813,2018-10-05-16-00-37
1.0,113.33042743035296,23.1539371358812,2018-10-05-16-00-37
2.0,113.33067692494137,23.15393666462716,2018-10-05-16-00-37
1.0,113.33242340217492,23.1539333776062,2018-10-05-16-00-37
1.0,113.33267290124209,23.15393290985931,2018-10-05-16-00-37
1.0,113.3344194128155,23.153929650146285,2018-10-05-16-00-37
1.0,113.33491842234021,23.15392872383364,2018-10-05-16-00-37
1.0,113.33591645037056,23.15392687855729,2018-10-05-16-00-37
1.0,113.33666497966864,23.15392550141519,2018-10-05-16-00-37
1.0,113.33766303044436,23.153923674938124,2018-10-05-16-00-37
1.0,113.3379132273005,23.143927155646264,2018-10-05-16-00-37
1.0,113.33965985755577,23.143923993719806,2018-10-05-16-00-37
4.0,113.34015890348068,23.14392309764576,2018-10-05-16-00-37
2.0,113.3404084279598,23.143922650891145,2018-10-05-16-00-37
2.0,113.34090748001651,23.143921760006698,2018-10-05-16-00-37
2.0,113.34115700761996,23.14392131590081,2018-10-05-16-00-37
1.0,113.3414065362908,23.143920872701734,2018-10-05-16-00-37
2.0,113.34165606604186,23.143920430421414,2018-10-05-16-00-37
1.0,113.34190559688616,23.143919989071765,2018-10-05-16-00-37
1.0,113.3426541961069,23.143918670725732,2018-10-05-16-00-37
1.0,113.3429037314527,23.143918233217587,2018-10-05-16-00-37
1.0,113.34465051199786,23.14391519904116,2018-10-05-16-00-37
1.0,113.3471460198107,23.143910956636265,2018-10-05-16-00-37
1.0,113.34739557793348,23.14391053874105,2018-10-05-16-00-37
1.0,113.33791321025421,23.14417705660532,2018-10-05-16-00-37
1.0,113.3384122427821,23.144176149264197,2018-10-05-16-00-37
2.0,113.33891127900644,23.144175245021568,2018-10-05-16-00-37
1.0,113.3391607985375,23.14417479409238,2018-10-05-16-00-37
1.0,113.33941031903194,23.144174343974036,2018-10-05-16-00-37
2.0,113.33965984050276,23.144173894678573,2018-10-05-16-00-37
2.0,113.33990936296304,23.144173446218037,2018-10-05-16-00-37
6.0,113.34015888642578,23.14417299860444,2018-10-05-16-00-37
2.0,113.340408410904,23.144172551849785,2018-10-05-16-00-37
3.0,113.3406579364107,23.144172105966067,2018-10-05-16-00-37
1.0,113.3414065192312,23.14417077366021,2018-10-05-16-00-37
3.0,113.34190557982471,23.144169890030145,2018-10-05-16-00-37
1.0,113.34215511177412,23.144169449623018,2018-10-05-16-00-37
1.0,113.34415140872959,23.144165961720976,2018-10-05-16-00-37
1.0,113.34490003988834,23.144164670740782,2018-10-05-16-00-37
2.0,113.33791319320773,23.14442695759716,2018-10-05-16-00-37
2.0,113.3381627090152,23.14442650354529,2018-10-05-16-00-37
2.0,113.3384122257337,23.144426050255962,2018-10-05-16-00-37
1.0,113.33866174337629,23.144425597741247,2018-10-05-16-00-37
2.0,113.33916078148623,23.144424695084012,2018-10-05-16-00-37
1.0,113.34065791935377,23.14442200695744,2018-10-05-16-00-37
1.0,113.34215509471157,23.144419350614143,2018-10-05-16-00-37
1.0,113.34340277149526,23.14441716313216,2018-10-05-16-00-37
1.0,113.34365231035,23.14441672862937,2018-10-05-16-00-37
1.0,113.34440093414015,23.144415431320446,2018-10-05-16-00-37
1.0,113.34490002281572,23.144414571731428,2018-10-05-16-00-37
1.0,113.3451495690362,23.14441414355713,2018-10-05-16-00-37
1.0,113.34639731947071,23.144412019353837,2018-10-05-16-00-37
2.0,113.33791317616104,23.144676858621835,2018-10-05-16-00-37
1.0,113.33816269196758,23.144676404569932,2018-10-05-16-00-37
1.0,113.33866172632679,23.144675498765796,2018-10-05-16-00-37
2.0,113.3391607644348,23.14467459610848,2018-10-05-16-00-37
1.0,113.33990932885463,23.144673248233882,2018-10-05-16-00-37
2.0,113.34040837679184,23.144672353865463,2018-10-05-16-00-37
1.0,113.34165601485981,23.14467013339509,2018-10-05-16-00-37
2.0,113.34190554570131,23.14466969204531,2018-10-05-16-00-37
1.0,113.34290368025671,23.144667936190626,2018-10-05-16-00-37
1.0,113.34390183333142,23.144666196175642,2018-10-05-16-00-37
2.0,113.34415137458963,23.14466576373537,2018-10-05-16-00-37
2.0,113.34490000574293,23.144664472754922,2018-10-05-16-00-37
1.0,113.3451495519625,23.144664044580573,2018-10-05-16-00-37
1.0,113.34714596856873,23.14466065960712,2018-10-05-16-00-37
1.0,113.33791315911422,23.1449267596794,2018-10-05-16-00-37
1.0,113.33866170927708,23.144925399823236,2018-10-05-16-00-37
1.0,113.3399093118002,23.14492314929111,2018-10-05-16-00-37
1.0,113.34015883526013,23.144922701677384,2018-10-05-16-00-37
1.0,113.34115693938439,23.14492091993176,2018-10-05-16-00-37
1.0,113.34140646805145,23.144920476732523,2018-10-05-16-00-37
1.0,113.3424045936516,23.14491871324214,2018-10-05-16-00-37
2.0,113.34340273736044,23.144916965212534,2018-10-05-16-00-37
2.0,113.3441513575194,23.14491566479188,2018-10-05-16-00-37
1.0,113.34440089999805,23.14491523340048,2018-10-05-16-00-37
1.0,113.34514953488865,23.14491394563691,2018-10-05-16-00-37
1.0,113.34564863115465,23.14491309258689,2018-10-05-16-00-37
1.0,113.33791314206724,23.14517666076992,2018-10-05-16-00-37
1.0,113.33841217458748,23.145175753428465,2018-10-05-16-00-37
1.0,113.3389112108042,23.14517484918549,2018-10-05-16-00-37
1.0,113.33965977228912,23.145173498842002,2018-10-05-16-00-37
2.0,113.3399092947456,23.14517305038129,2018-10-05-16-00-37
1.0,113.34190551157724,23.145169494192046,2018-10-05-16-00-37
1.0,113.344151340449,23.145165565881342,2018-10-05-16-00-37
1.0,113.33841215753841,23.145425654551907,2018-10-05-16-00-37
1.0,113.33965975523529,23.145423399965228,2018-10-05-16-00-37
1.0,113.34015880114883,23.14542250389067,2018-10-05-16-00-37
1.0,113.3404083256223,23.1454220571358,2018-10-05-16-00-37
1.0,113.3406578511243,23.14542161125187,2018-10-05-16-00-37
1.0,113.3414064339308,23.14542027894537,2018-10-05-16-00-37
1.0,113.34240455952349,23.145418515454658,2018-10-05-16-00-37
1.0,113.34440086585523,23.14541503561232,2018-10-05-16-00-37
1.0,113.33841214048915,23.145675555708397,2018-10-05-16-00-37
1.0,113.33866165812701,23.14567510319348,2018-10-05-16-00-37
1.0,113.33891117670208,23.145674651465264,2018-10-05-16-00-37
1.0,113.33941021671616,23.145673750417227,2018-10-05-16-00-37
1.0,113.3404083085655,23.14567195829196,2018-10-05-16-00-37
2.0,113.34090736060902,23.145671067406926,2018-10-05-16-00-37
1.0,113.34240454245918,23.145668416610484,2018-10-05-16-00-37
1.0,113.33941019966291,23.14592365160668,2018-10-05-16-00-37
3.0,113.33965972112709,23.145923202310925,2018-10-05-16-00-37
27.0,113.33990924358076,23.145922753850087,2018-10-05-16-00-37
14.0,113.34015876703688,23.145922306236194,2018-10-05-16-00-37
1.0,113.34040829150851,23.145921859481245,2018-10-05-16-00-37
1.0,113.3419054603899,23.145919197659826,2018-10-05-16-00-37
1.0,113.34514946659156,23.14591355019232,2018-10-05-16-00-37
1.0,113.34564856285036,23.14591269714195,2018-10-05-16-00-37
1.0,113.33791307387762,23.146176265462607,2018-10-05-16-00-37
1.0,113.33916066212272,23.146174002947987,2018-10-05-16-00-37
1.0,113.33965970407276,23.14617310353351,2018-10-05-16-00-37
42.0,113.33990922652548,23.146172655072636,2018-10-05-16-00-37
9.0,113.34015874998066,23.14617220745869,2018-10-05-16-00-37
1.0,113.3404082744513,23.146171760703698,2018-10-05-16-00-37
1.0,113.34589809584192,23.146162173510948,2018-10-05-16-00-37
2.0,113.33866160697542,23.146424806861788,2018-10-05-16-00-37
1.0,113.33891112554764,23.146424355133448,2018-10-05-16-00-37
1.0,113.33941016555599,23.14642345408516,2018-10-05-16-00-37
1.0,113.3436521737994,23.146415937743136,2018-10-05-16-00-37
1.0,113.34440079756769,23.146414640433182,2018-10-05-16-00-37
1.0,113.345149432442,23.146413352668844,2018-10-05-16-00-37
1.0,113.34015871586772,23.146672010003442,2018-10-05-16-00-37
2.0,113.34115681996565,23.14667022825663,2018-10-05-16-00-37
1.0,113.3414063486262,23.146669785057092,2018-10-05-16-00-37
1.0,113.34190540920105,23.14666890142618,2018-10-05-16-00-37
1.0,113.34390169677215,23.14666540555379,2018-10-05-16-00-37
2.0,113.34415123802309,23.146664973113182,2018-10-05-16-00-37
1.0,113.34539896285135,23.146662826878025,2018-10-05-16-00-37
1.0,113.34714583191612,23.146659868980798,2018-10-05-16-00-37
1.0,113.34040822327884,23.14692146457069,2018-10-05-16-00-37
1.0,113.34090727531296,23.146920573685232,2018-10-05-16-00-37
2.0,113.34140633156477,23.146919686379245,2018-10-05-16-00-37
1.0,113.33866155582231,23.147174510829696,2018-10-05-16-00-37
1.0,113.3391605939113,23.14717360817154,2018-10-05-16-00-37
1.0,113.33941011439434,23.14717315805269,2018-10-05-16-00-37
1.0,113.34040820622101,23.147171365926408,2018-10-05-16-00-37
1.0,113.34290350959269,23.147166948247328,2018-10-05-16-00-37
1.0,113.34390166263069,23.147165208230643,2018-10-05-16-00-37
2.0,113.34415120387979,23.147164775789946,2018-10-05-16-00-37
1.0,113.34639713160169,23.147160932427784,2018-10-05-16-00-37
1.0,113.33841202113985,23.147424864734393,2018-10-05-16-00-37
1.0,113.33891105733936,23.147423960490666,2018-10-05-16-00-37
1.0,113.33941009734012,23.147423059442037,2018-10-05-16-00-37
1.0,113.34065771465744,23.14742082143132,2018-10-05-16-00-37
1.0,113.3411567687837,23.14741993232348,2018-10-05-16-00-37
1.0,113.34240442300435,23.147417725631737,2018-10-05-16-00-37
2.0,113.34440072927742,23.14741424578667,2018-10-05-16-00-37
1.0,113.34664666855242,23.14741041238968,2018-10-05-16-00-37
1.0,113.34689622393057,23.14740999212871,2018-10-05-16-00-37
1.0,113.33990912419027,23.147672063107724,2018-10-05-16-00-37
1.0,113.34190534094692,23.14766850691509,2018-10-05-16-00-37
1.0,113.343402549607,23.147665879022608,2018-10-05-16-00-37
2.0,113.33891102323422,23.147923763370127,2018-10-05-16-00-37
1.0,113.339160542751,23.14792331244031,2018-10-05-16-00-37
1.0,113.33965958468777,23.147922413025235,2018-10-05-16-00-37
1.0,113.33990910713385,23.14792196456407,2018-10-05-16-00-37
4.0,113.34015863058242,23.14792151694984,2018-10-05-16-00-37
1.0,113.34065768053905,23.1479206243102,2018-10-05-16-00-37
1.0,113.3463970803612,23.147910636692853,2018-10-05-16-00-37
1.0,113.33791293749037,23.14817547644672,2018-10-05-16-00-37
1.0,113.33866148761587,23.148174116588912,2018-10-05-16-00-37
1.0,113.34065766347963,23.148170525800047,2018-10-05-16-00-37
1.0,113.34739528752745,23.148158859514012,2018-10-05-16-00-37
1.0,113.33841195293651,23.14842447062817,2018-10-05-16-00-37
1.0,113.34315296074108,23.14841601900791,2018-10-05-16-00-37
1.0,113.34065762936022,23.148670328880854,2018-10-05-16-00-37
1.0,113.33891095502193,23.148923369533033,2018-10-05-16-00-37
1.0,113.33990903890637,23.148921570726298,2018-10-05-16-00-37
1.0,113.34115666641527,23.14891934136357,2018-10-05-16-00-37
1.0,113.33841190178231,23.14917417540257,2018-10-05-16-00-37
1.0,113.33891093796845,23.14917327115825,2018-10-05-16-00-37
1.0,113.34040806975229,23.149170577981405,2018-10-05-16-00-37
2.0,113.34065759524016,23.149170132096838,2018-10-05-16-00-37
1.0,113.34290337304941,23.14916616029893,2018-10-05-16-00-37
1.0,113.34689610435343,23.149159302786757,2018-10-05-16-00-37
1.0,113.33916044042587,23.149422721887298,2018-10-05-16-00-37
1.0,113.34390150898572,23.149414321939147,2018-10-05-16-00-37
1.0,113.34415105022663,23.149413889498078,2018-10-05-16-00-37
1.0,113.34440059268887,23.149413458105908,2018-10-05-16-00-37
1.0,113.33816235098024,23.149674432045174,2018-10-05-16-00-37
1.0,113.3409070876469,23.14966949044672,2018-10-05-16-00-37
1.0,113.34390149191324,23.149664223631397,2018-10-05-16-00-37
1.0,113.34489966425207,23.14966250020725,2018-10-05-16-00-37
1.0,113.34514921045358,23.14966207203205,2018-10-05-16-00-37
1.0,113.33990897067623,23.149921177430162,2018-10-05-16-00-37
1.0,113.34040801857375,23.149920283059963,2018-10-05-16-00-37
1.0,113.3406575440588,23.14991983717527,2018-10-05-16-00-37
2.0,113.34090707058536,23.14991939217349,2018-10-05-16-00-37
2.0,113.34115659816631,23.149918948066574,2018-10-05-16-00-37
1.0,113.34140612681469,23.14991850486649,2018-10-05-16-00-37
2.0,113.34315285832407,23.14991542885705,2018-10-05-16-00-37
1.0,113.34390147484056,23.149914125357647,2018-10-05-16-00-37
1.0,113.34465010223455,23.149912831192623,2018-10-05-16-00-37
1.0,113.34714560983281,23.149908588777407,2018-10-05-16-00-37
1.0,113.33866135119493,23.150173329727725,2018-10-05-16-00-37
1.0,113.33891086975285,23.15017287799875,2018-10-05-16-00-37
1.0,113.34065752699804,23.15016973893616,2018-10-05-16-00-37
1.0,113.34140610975108,23.150168406627248,2018-10-05-16-00-37
1.0,113.34315284125398,23.150165330617515,2018-10-05-16-00-37
1.0,113.34340237890451,23.15016489510013,2018-10-05-16-00-37
1.0,113.34415099900588,23.150163594676787,2018-10-05-16-00-37
1.0,113.34564827252727,23.150161022466392,2018-10-05-16-00-37
2.0,113.33916037220577,23.150422328863836,2018-10-05-16-00-37
1.0,113.33940989267644,23.150421878744435,2018-10-05-16-00-37
2.0,113.33965941412356,23.150421429447928,2018-10-05-16-00-37
1.0,113.34165562241415,23.150417866140728,2018-10-05-16-00-37
1.0,113.34564825544794,23.15041092426057,2018-10-05-16-00-37
1.0,113.34714557566362,23.150408392331098,2018-10-05-16-00-37
1.0,113.33916035515034,23.150672230693303,2018-10-05-16-00-37
1.0,113.34115654697784,23.150668653451447,2018-10-05-16-00-37
1.0,113.3444005073156,23.150662966907447,2018-10-05-16-00-37
1.0,113.3451491421438,23.15066167914092,2018-10-05-16-00-37
1.0,113.3468960018522,23.15065871324391,2018-10-05-16-00-37
1.0,113.34714555857876,23.150658294159204,2018-10-05-16-00-37
2.0,113.33791274994041,23.15092439507563,2018-10-05-16-00-37
1.0,113.33965938000871,23.15092123314093,2018-10-05-16-00-37
4.0,113.34165558828428,23.150917669833053,2018-10-05-16-00-37
1.0,113.34440049024046,23.150912868770266,2018-10-05-16-00-37
1.0,113.345398672535,23.150911153923893,2018-10-05-16-00-37
1.0,113.34689598476808,23.150908615106296,2018-10-05-16-00-37
1.0,113.34714554149376,23.15090819602155,2018-10-05-16-00-37
2.0,113.33841176536369,23.151173389630383,2018-10-05-16-00-37
1.0,113.33891080153455,23.151172485385388,2018-10-05-16-00-37
1.0,113.33916032103895,23.151172034455023,2018-10-05-16-00-37
3.0,113.34040793327291,23.15116979220652,2018-10-05-16-00-37
1.0,113.34190510203635,23.15116713037977,2018-10-05-16-00-37
2.0,113.34215463395974,23.151166689971447,2018-10-05-16-00-37
1.0,113.34365184944885,23.15116406797977,2018-10-05-16-00-37
1.0,113.34489956179178,23.151161911076063,2018-10-05-16-00-37
1.0,113.3451491079879,23.151161482900605,2018-10-05-16-00-37
1.0,113.34614730561908,23.151159781272174,2018-10-05-16-00-37
2.0,113.34664641231892,23.151158937264604,2018-10-05-16-00-37
2.0,113.34714552440859,23.151158097918202,2018-10-05-16-00-37
2.0,113.34739508250586,23.151157680021733,2018-10-05-16-00-37
127.0,113.3381622316189,23.151423744853396,2018-10-05-16-00-37
1.0,113.33891078447957,23.1514223873178,2018-10-05-16-00-37
2.0,113.33916030398302,23.1514219363874,2018-10-05-16-00-37
2.0,113.33940982444989,23.15142148626783,2018-10-05-16-00-37
1.0,113.34190508497005,23.151417032311674,2018-10-05-16-00-37
1.0,113.34215461689251,23.15141659190331,2018-10-05-16-00-37
2.0,113.34315275590107,23.151414839932972,2018-10-05-16-00-37
2.0,113.3468959505993,23.151408418934047,2018-10-05-16-00-37
1.0,113.34714550732326,23.15140799984921,2018-10-05-16-00-37
2.0,113.34739506541963,23.1514075819527,2018-10-05-16-00-37
1.0,113.33841173125737,23.15167319352979,2018-10-05-16-00-37
1.0,113.33891076742441,23.151672289284626,2018-10-05-16-00-37
1.0,113.33940980739284,23.151671388234572,2018-10-05-16-00-37
1.0,113.34315273882996,23.151664741899072,2018-10-05-16-00-37
1.0,113.34664637815163,23.151658741161203,2018-10-05-16-00-37
1.0,113.34689593351472,23.151658320899507,2018-10-05-16-00-37
1.0,113.34739504833323,23.15165748391808,2018-10-05-16-00-37
1.0,113.33866123181788,23.151922643015194,2018-10-05-16-00-37
1.0,113.33891075036907,23.15192219128593,2018-10-05-16-00-37
1.0,113.33916026987065,23.151921740355434,2018-10-05-16-00-37
5.0,113.3394097903356,23.151921290235787,2018-10-05-16-00-37
2.0,113.34040788209036,23.151919498106288,2018-10-05-16-00-37
1.0,113.34190505083694,23.151916836278772,2018-10-05-16-00-37
1.0,113.3424041157972,23.15191595641634,2018-10-05-16-00-37
1.0,113.33866121476332,23.152172545051066,2018-10-05-16-00-37
1.0,113.3389107333136,23.15217209332175,2018-10-05-16-00-37
1.0,113.33940977327819,23.152171192271524,2018-10-05-16-00-37
1.0,113.33965929471869,23.152170742974715,2018-10-05-16-00-37
1.0,113.3404078650292,23.152169400141865,2018-10-05-16-00-37
1.0,113.34065739050577,23.152168954256787,2018-10-05-16-00-37
1.0,113.34240409872857,23.15216585845157,2018-10-05-16-00-37
1.0,113.34290316821443,23.152164982454305,2018-10-05-16-00-37
1.0,113.34489949348156,23.15216151900835,2018-10-05-16-00-37
1.0,113.33940975622065,23.15242109434184,2018-10-05-16-00-37
1.0,113.34190501670321,23.152416640383983,2018-10-05-16-00-37
1.0,113.34215454862196,23.152416199975463,2018-10-05-16-00-37
1.0,113.34290315114376,23.15241488452402,2018-10-05-16-00-37
1.0,113.34090688289723,23.1526683134294,2018-10-05-16-00-37
1.0,113.34190499963607,23.15266654248852,2018-10-05-16-00-37
1.0,113.34215453155387,23.152666102079948,2018-10-05-16-00-37
1.0,113.34265359875948,23.152665224138023,2018-10-05-16-00-37
1.0,113.34290313407293,23.15266478662839,2018-10-05-16-00-37
2.0,113.34315267054396,23.15266435010876,2018-10-05-16-00-37
2.0,113.34340220818531,23.152663914590946,2018-10-05-16-00-37
1.0,113.34489945932543,23.152661323181764,2018-10-05-16-00-37
1.0,113.346646309815,23.152658349368487,2018-10-05-16-00-37
1.0,113.34714542189406,23.152657510021573,2018-10-05-16-00-37
1.0,113.33816212930266,23.152923157173287,2018-10-05-16-00-37
1.0,113.34065733931841,23.15291866057109,2018-10-05-16-00-37
2.0,113.34090686583366,23.1529182155688,2018-10-05-16-00-37
1.0,113.34115639340338,23.152917771461386,2018-10-05-16-00-37
1.0,113.34165545175802,23.152916885978932,2018-10-05-16-00-37
1.0,113.34190498256878,23.152916444627753,2018-10-05-16-00-37
2.0,113.34265358168942,23.152915126277126,2018-10-05-16-00-37
1.0,113.34290311700194,23.152914688767446,2018-10-05-16-00-37
1.0,113.34340219111247,23.15291381672992,2018-10-05-16-00-37
1.0,113.34365172993607,23.15291338222568,2018-10-05-16-00-37
1.0,113.34390126995554,23.152912948746838,2018-10-05-16-00-37
1.0,113.34739496289879,23.15290699426313,2018-10-05-16-00-37
1.0,113.34015827233856,23.153169455386696,2018-10-05-16-00-37
1.0,113.3404077967828,23.15316900863052,2018-10-05-16-00-37
1.0,113.34065732225564,23.153168562745275,2018-10-05-16-00-37
1.0,113.34090684876992,23.153168117742943,2018-10-05-16-00-37
2.0,113.34265356461916,23.153165028450974,2018-10-05-16-00-37
1.0,113.34290309993077,23.153164590941262,2018-10-05-16-00-37
1.0,113.34315263639995,23.15316415442154,2018-10-05-16-00-37
1.0,113.34365171286215,23.153163284399362,2018-10-05-16-00-37
1.0,113.3446498802392,23.15316155675377,2018-10-05-16-00-37
1.0,113.34714538772116,23.153157314332976,2018-10-05-16-00-37
1.0,113.3473949458114,23.153156896436162,2018-10-05-16-00-37
1.0,113.33891064803363,23.15342160402071,2018-10-05-16-00-37
2.0,113.34015825527749,23.153419357595784,2018-10-05-16-00-37
1.0,113.34165541762478,23.15341669036178,2018-10-05-16-00-37
1.0,113.34215448034873,23.153415808601817,2018-10-05-16-00-37
1.0,113.34265354754876,23.153414930659643,2018-10-05-16-00-37
2.0,113.34290308285944,23.15341449314987,2018-10-05-16-00-37
1.0,113.34315261932768,23.153414056630112,2018-10-05-16-00-37
1.0,113.344150777032,23.15341232068716,2018-10-05-16-00-37
1.0,113.33791256237028,23.15367331785501,2018-10-05-16-00-37
2.0,113.33916015047205,23.153671055334076,2018-10-05-16-00-37
1.0,113.33940967093035,23.153670605214128,2018-10-05-16-00-37
2.0,113.34015823821623,23.15366925983972,2018-10-05-16-00-37
1.0,113.3404077626586,23.153668813083463,2018-10-05-16-00-37
1.0,113.340906814642,23.15366792219572,2018-10-05-16-00-37
1.0,113.34165540055791,23.153666592605468,2018-10-05-16-00-37
2.0,113.34240399631314,23.15366527139113,2018-10-05-16-00-37
4.0,113.34265353047816,23.153664832903157,2018-10-05-16-00-37
2.0,113.34290306578792,23.153664395393353,2018-10-05-16-00-37
1.0,113.34315260225527,23.153663958873548,2018-10-05-16-00-37
1.0,113.34365167871378,23.1536630888512,2018-10-05-16-00-37
1.0,113.34489939101124,23.153660931945343,2018-10-05-16-00-37
1.0,113.34490007403306,23.143664868857762,2018-10-05-16-00-37
1.0,113.34639737070421,23.143662316480928,2018-10-05-16-00-37
1.0,113.34689648013969,23.143661474795,2018-10-05-16-00-37
1.0,113.35163830504702,23.143653726452193,2018-10-05-16-00-37
1.0,113.35263665443868,23.14365215665591,2018-10-05-16-00-37
1.0,113.35313583892773,23.143651380326773,2018-10-05-16-00-37
1.0,113.35338543366208,23.14365099434277,2018-10-05-16-00-37
1.0,113.35363503007206,23.143650609827013,2018-10-05-16-00-37
1.0,113.35438382947319,23.14364946519756,2018-10-05-16-00-37
1.0,113.35463343270295,23.143649086663032,2018-10-05-16-00-37
1.0,113.35488303766688,23.14364870965074,2018-10-05-16-00-37
1.0,113.35687994119301,23.143645749632356,2018-10-05-16-00-37
1.0,113.35712956228252,23.14364538679872,2018-10-05-16-00-37
1.0,113.35313582182705,23.143901281250486,2018-10-05-16-00-37
1.0,113.3538846110663,23.143900127713923,2018-10-05-16-00-37
2.0,113.35463341559743,23.14389898758649,2018-10-05-16-00-37
1.0,113.35538223573559,23.14389786115901,2018-10-05-16-00-37
2.0,113.35563184597063,23.143897488777558,2018-10-05-16-00-37
2.0,113.35588145798604,23.14389711796101,2018-10-05-16-00-37
1.0,113.35613107179329,23.14389674871998,2018-10-05-16-00-37
2.0,113.35638068740386,23.143896381065012,2018-10-05-16-00-37
2.0,113.3566303048291,23.143896015006646,2018-10-05-16-00-37
2.0,113.35687992408043,23.143895650555397,2018-10-05-16-00-37
2.0,113.35712954516922,23.14389528772173,2018-10-05-16-00-37
1.0,113.34764512035879,23.14416002300305,2018-10-05-16-00-37
2.0,113.35238703046363,23.14415234885961,2018-10-05-16-00-37
1.0,113.3536349958673,23.14415041170698,2018-10-05-16-00-37
1.0,113.35488300345408,23.144148511530272,2018-10-05-16-00-37
2.0,113.35513261016214,23.144148136050845,2018-10-05-16-00-37
2.0,113.35538221862751,23.14414776211505,2018-10-05-16-00-37
1.0,113.35563182886179,23.144147389733554,2018-10-05-16-00-37
1.0,113.35238701336507,23.144402249848962,2018-10-05-16-00-37
1.0,113.35413417665363,23.144399548112432,2018-10-05-16-00-37
1.0,113.35438377815849,23.14439916806627,2018-10-05-16-00-37
1.0,113.3546333813859,23.144398789531607,2018-10-05-16-00-37
1.0,113.35663027060505,23.14439581695106,2018-10-05-16-00-37
1.0,113.3521374081195,23.144652542619127,2018-10-05-16-00-37
1.0,113.3523869962663,23.144652150871142,2018-10-05-16-00-37
1.0,113.35338536525506,23.14465059823402,2018-10-05-16-00-37
1.0,113.35438376105327,23.1446490690881,2018-10-05-16-00-37
1.0,113.35538218441091,23.144647564125524,2018-10-05-16-00-37
1.0,113.35638063606982,23.14464608403099,2018-10-05-16-00-37
1.0,113.35663025349278,23.144645717972487,2018-10-05-16-00-37
1.0,113.34989116900472,23.14490603168727,2018-10-05-16-00-37
1.0,113.3508894742976,23.144904423396536,2018-10-05-16-00-37
1.0,113.35338534815287,23.144900499288923,2018-10-05-16-00-37
1.0,113.35538216730234,23.14489746518007,2018-10-05-16-00-37
1.0,113.35563177753424,23.144897092798427,2018-10-05-16-00-37
1.0,113.35588138954651,23.144896721981713,2018-10-05-16-00-37
1.0,113.35638061895813,23.144895985085356,2018-10-05-16-00-37
1.0,113.34989115191402,23.14515593277573,2018-10-05-16-00-37
1.0,113.35039030149444,23.14515512595864,2018-10-05-16-00-37
2.0,113.35063987857686,23.14515472454823,2018-10-05-16-00-37
1.0,113.35213737392318,23.145152344762327,2018-10-05-16-00-37
1.0,113.35513254173138,23.145147740203534,2018-10-05-16-00-37
1.0,113.3488928536625,23.145407463202137,2018-10-05-16-00-37
1.0,113.34914242173363,23.14540705394526,2018-10-05-16-00-37
1.0,113.34939199127592,23.145406645967952,2018-10-05-16-00-37
1.0,113.35613096912836,23.145396154948227,2018-10-05-16-00-37
1.0,113.34939197418659,23.145656547122563,2018-10-05-16-00-37
1.0,113.3541340911298,23.145649053551296,2018-10-05-16-00-37
1.0,113.34939195709713,23.145906448310303,2018-10-05-16-00-37
1.0,113.3538844742353,23.145899336285343,2018-10-05-16-00-37
1.0,113.35613093490535,23.1458959572882,2018-10-05-16-00-37
1.0,113.35712940825672,23.14589449628851,2018-10-05-16-00-37
1.0,113.3496415110307,23.146155942844644,2018-10-05-16-00-37
1.0,113.35613091779362,23.146145858507925,2018-10-05-16-00-37
1.0,113.34964149393998,23.146405844098744,2018-10-05-16-00-37
1.0,113.34989106645806,23.14640543871427,2018-10-05-16-00-37
1.0,113.35313565081087,23.14640029229672,2018-10-05-16-00-37
1.0,113.35563167487464,23.14639649981935,2018-10-05-16-00-37
1.0,113.35638051628452,23.14639539210546,2018-10-05-16-00-37
1.0,113.35687975294577,23.146394661594954,2018-10-05-16-00-37
1.0,113.35712937402693,23.14639429876083,2018-10-05-16-00-37
1.0,113.35388442292091,23.146649040045467,2018-10-05-16-00-37
1.0,113.3543836242054,23.14664827845163,2018-10-05-16-00-37
1.0,113.3553820475377,23.146646773487628,2018-10-05-16-00-37
1.0,113.35613088356965,23.14664566104712,2018-10-05-16-00-37
1.0,113.35638049917169,23.14664529339166,2018-10-05-16-00-37
1.0,113.35663011658846,23.146644927332808,2018-10-05-16-00-37
1.0,113.34839361936716,23.146907692935947,2018-10-05-16-00-37
1.0,113.35138849946304,23.14690283698836,2018-10-05-16-00-37
2.0,113.35338521132944,23.146899708919047,2018-10-05-16-00-37
2.0,113.35388440581578,23.146898941365453,2018-10-05-16-00-37
1.0,113.35588125265946,23.14689593160828,2018-10-05-16-00-37
2.0,113.3501405892058,23.147154738605188,2018-10-05-16-00-37
1.0,113.35388438871048,23.147148842718845,2018-10-05-16-00-37
1.0,113.35438357288471,23.147397982511592,2018-10-05-16-00-37
2.0,113.35488278105451,23.147397226963434,2018-10-05-16-00-37
1.0,113.3551323877523,23.147396851483432,2018-10-05-16-00-37
1.0,113.35638044783212,23.14739499745055,2018-10-05-16-00-37
1.0,113.34889269986807,23.14765657479152,2018-10-05-16-00-37
1.0,113.3518876164109,23.147651750629713,2018-10-05-16-00-37
1.0,113.35388435449936,23.14764864552605,2018-10-05-16-00-37
1.0,113.35463315899449,23.147647505396623,2018-10-05-16-00-37
2.0,113.35288595513649,23.14790008796077,2018-10-05-16-00-37
1.0,113.35513231931284,23.148396457365628,2018-10-05-16-00-37
1.0,113.35563153798576,23.148395711046813,2018-10-05-16-00-37
1.0,113.35138837977982,23.148652147169752,2018-10-05-16-00-37
1.0,113.35488269550869,23.14864673440061,2018-10-05-16-00-37
1.0,113.35513230220256,23.14864635892039,2018-10-05-16-00-37
1.0,113.35538191065376,23.148645984983787,2018-10-05-16-00-37
1.0,113.35662997967344,23.14864413882718,2018-10-05-16-00-37
1.0,113.3568795989102,23.148643774375078,2018-10-05-16-00-37
1.0,113.35712921998449,23.14864341154055,2018-10-05-16-00-37
1.0,113.35662996255829,23.148894040415467,2018-10-05-16-00-37
1.0,113.35363465378236,23.149148437792817,2018-10-05-16-00-37
1.0,113.356629945443,23.14914394203761,2018-10-05-16-00-37
2.0,113.34989086134657,23.14940425637559,2018-10-05-16-00-37
1.0,113.35613069532567,23.149394577408945,2018-10-05-16-00-37
1.0,113.35038999380268,23.14965335124813,2018-10-05-16-00-37
1.0,113.35113872964929,23.149652151066707,2018-10-05-16-00-37
1.0,113.35288583541386,23.14964939908424,2018-10-05-16-00-37
1.0,113.3561306782116,23.14964447909905,2018-10-05-16-00-37
1.0,113.35638029380436,23.149644111443056,2018-10-05-16-00-37
1.0,113.34989081006492,23.150153961551318,2018-10-05-16-00-37
1.0,113.35388418343376,23.150147661585326,2018-10-05-16-00-37
2.0,113.3541337832093,23.15014728003743,2018-10-05-16-00-37
1.0,113.35438338469582,23.150146899990247,2018-10-05-16-00-37
1.0,113.35463298790488,23.15014652145457,2018-10-05-16-00-37
1.0,113.35662987698014,23.150143548865806,2018-10-05-16-00-37
1.0,113.35687949621227,23.150143184413427,2018-10-05-16-00-37
1.0,113.34839338013573,23.150406314962048,2018-10-05-16-00-37
1.0,113.34864294528387,23.150405903179173,2018-10-05-16-00-37
1.0,113.3488925118787,23.15040549265317,2018-10-05-16-00-37
1.0,113.34939164945769,23.150404675417253,2018-10-05-16-00-37
1.0,113.350140366983,23.150403459272987,2018-10-05-16-00-37
1.0,113.35088909818909,23.15040225505018,2018-10-05-16-00-37
1.0,113.354632970795,23.15039642324717,2018-10-05-16-00-37
1.0,113.34839336304651,23.150656216789933,2018-10-05-16-00-37
1.0,113.34889249478778,23.150655394480967,2018-10-05-16-00-37
1.0,113.35288576699725,23.150649006187724,2018-10-05-16-00-37
1.0,113.35662984274765,23.15064335248448,2018-10-05-16-00-37
1.0,113.34889247769665,23.150905296343023,2018-10-05-16-00-37
1.0,113.34964118627913,23.15090407241951,2018-10-05-16-00-37
1.0,113.34989075878178,23.15090366703425,2018-10-05-16-00-37
1.0,113.35014033279238,23.150903262962387,2018-10-05-16-00-37
1.0,113.34839332886757,23.151156020548505,2018-10-05-16-00-37
1.0,113.34864289401312,23.15115560876548,2018-10-05-16-00-37
1.0,113.34889246060536,23.15115519823937,2018-10-05-16-00-37
1.0,113.34939159817915,23.15115438100317,2018-10-05-16-00-37
1.0,113.3503898912267,23.151152762111238,2018-10-05-16-00-37
1.0,113.35238655164024,23.151149589158425,2018-10-05-16-00-37
7.0,113.35687942774365,23.15114279178757,2018-10-05-16-00-37
1.0,113.34864287692251,23.15140551069623,2018-10-05-16-00-37
1.0,113.3488924435139,23.15140510017007,2018-10-05-16-00-37
1.0,113.3496411520912,23.151403876246306,2018-10-05-16-00-37
1.0,113.35014029860108,23.151403066789012,2018-10-05-16-00-37
1.0,113.3503898741301,23.151402664041683,2018-10-05-16-00-37
1.0,113.35163777500071,23.15140067056561,2018-10-05-16-00-37
1.0,113.34839329468795,23.15165582444449,2018-10-05-16-00-37
2.0,113.35014028150519,23.151652968753904,2018-10-05-16-00-37
1.0,113.35038985703336,23.151652566006536,2018-10-05-16-00-37
1.0,113.35063943409376,23.15165216459499,2018-10-05-16-00-37
1.0,113.35088901269856,23.15165176453045,2018-10-05-16-00-37
1.0,113.34789415160292,23.15190655373563,2018-10-05-16-00-37
1.0,113.34939154689914,23.151904086898323,2018-10-05-16-00-37
1.0,113.35014026440908,23.151902870753275,2018-10-05-16-00-37
1.0,113.35038983993643,23.151902468005858,2018-10-05-16-00-37
1.0,113.3511385757603,23.151901267823263,2018-10-05-16-00-37
1.0,113.35588091039484,23.151893965090093,2018-10-05-16-00-37
1.0,113.3568793763904,23.15189249767875,2018-10-05-16-00-37
2.0,113.34764457363855,23.152156871255478,2018-10-05-16-00-37
1.0,113.34814367971052,23.152405943575907,2018-10-05-16-00-37
1.0,113.34839324341728,23.152405530547146,2018-10-05-16-00-37
1.0,113.34864280855851,23.152405118763923,2018-10-05-16-00-37
1.0,113.34914194319336,23.152404298979484,2018-10-05-16-00-37
2.0,113.34939151271162,23.152403891000954,2018-10-05-16-00-37
1.0,113.35538165396744,23.152394512391478,2018-10-05-16-00-37
1.0,113.34789410033702,23.152656259942287,2018-10-05-16-00-37
1.0,113.34989063911524,23.152652981030933,2018-10-05-16-00-37
1.0,113.34789408324802,23.152906162080498,2018-10-05-16-00-37
3.0,113.34814364553098,23.15290574781753,2018-10-05-16-00-37
4.0,113.34889234096168,23.152904512478948,2018-10-05-16-00-37
1.0,113.3491419090069,23.152904103220763,2018-10-05-16-00-37
1.0,113.35038977154707,23.152902076348987,2018-10-05-16-00-37
1.0,113.35288561305006,23.15289812417939,2018-10-05-16-00-37
1.0,113.34814362844095,23.15315564999043,2018-10-05-16-00-37
1.0,113.34839319214512,23.153155236961545,2018-10-05-16-00-37
1.0,113.34864275728373,23.153154825178184,2018-10-05-16-00-37
3.0,113.34889232386904,23.15315441465172,2018-10-05-16-00-37
1.0,113.35014017892624,23.15315238126913,2018-10-05-16-00-37
1.0,113.3486427401918,23.15340472738581,2018-10-05-16-00-37
1.0,113.34914187481978,23.15340390760103,2018-10-05-16-00-37
1.0,113.34839315796283,23.15365504141175,2018-10-05-16-00-37
1.0,113.34939142723988,23.15365340186468,2018-10-05-16-00-37
1.0,113.350888875905,23.153650981494216,2018-10-05-16-00-37
1.0,113.35138803778251,23.153650185450033,2018-10-05-16-00-37
1.0,113.35213679248291,23.15364900176425,2018-10-05-16-00-37
1.0,113.3531351547692,23.153647443356967,2018-10-05-16-00-37
1.0,113.32543760871044,23.15419652725225,2018-10-05-16-00-37
1.0,113.3269345354833,23.15419367033667,2018-10-05-16-00-37
2.0,113.32917994762023,23.154189399963517,2018-10-05-16-00-37
1.0,113.32967893251184,23.154188454206878,2018-10-05-16-00-37
1.0,113.33017791924169,23.15418750983364,2018-10-05-16-00-37
2.0,113.33042741332942,23.15418703819666,2018-10-05-16-00-37
1.0,113.3306769079168,23.154186566942577,2018-10-05-16-00-37
2.0,113.33117589864426,23.15418562563247,2018-10-05-16-00-37
2.0,113.33142539481102,23.15418515560111,2018-10-05-16-00-37
1.0,113.33317188421499,23.15418187817428,2018-10-05-16-00-37
1.0,113.33392038910557,23.15418048109289,2018-10-05-16-00-37
1.0,113.33541741777991,23.154177702252674,2018-10-05-16-00-37
4.0,113.33616594228018,23.154176321155035,2018-10-05-16-00-37
1.0,113.33641545204084,23.154175862103568,2018-10-05-16-00-37
2.0,113.33666496262045,23.15417540372961,2018-10-05-16-00-37
1.0,113.33691447403223,23.154174946045362,2018-10-05-16-00-37
1.0,113.33716398628937,23.154174489062967,2018-10-05-16-00-37
1.0,113.337413499405,23.154174032794593,2018-10-05-16-00-37
1.0,113.33766301339232,23.15417357725238,2018-10-05-16-00-37
1.0,113.32818196590857,23.154441197582358,2018-10-05-16-00-37
1.0,113.33192437178776,23.154434119197692,2018-10-05-16-00-37
1.0,113.33217386965313,23.154433650500003,2018-10-05-16-00-37
1.0,113.33317186718037,23.15443178052432,2018-10-05-16-00-37
1.0,113.33342136814528,23.154431314295692,2018-10-05-16-00-37
4.0,113.33616592523377,23.154426223504572,2018-10-05-16-00-37
2.0,113.33641543499348,23.15442576445306,2018-10-05-16-00-37
2.0,113.33666494557212,23.15442530607907,2018-10-05-16-00-37
5.0,113.33691445698292,23.154424848394772,2018-10-05-16-00-37
2.0,113.33716396923909,23.15442439141233,2018-10-05-16-00-37
2.0,113.33741348235377,23.154423935143924,2018-10-05-16-00-37
2.0,113.32843143946363,23.1546906257128,2018-10-05-16-00-37
1.0,113.3286809304262,23.154690151741327,2018-10-05-16-00-37
1.0,113.32893042179472,23.154689678066283,2018-10-05-16-00-37
1.0,113.32992839159668,23.154687786577398,2018-10-05-16-00-37
1.0,113.33117586459066,23.15468543036829,2018-10-05-16-00-37
1.0,113.33167485747342,23.154684490737647,2018-10-05-16-00-37
1.0,113.33317185014558,23.15468168290944,2018-10-05-16-00-37
1.0,113.33342135110942,23.15468121668077,2018-10-05-16-00-37
1.0,113.3344193616968,23.154679357195825,2018-10-05-16-00-37
2.0,113.33516787707777,23.154677968626753,2018-10-05-16-00-37
1.0,113.33591639923424,23.15467658560608,2018-10-05-16-00-37
1.0,113.3366649285236,23.1546752084636,2018-10-05-16-00-37
1.0,113.33716395218865,23.154674293796788,2018-10-05-16-00-37
3.0,113.33741346530235,23.15467383752833,2018-10-05-16-00-37
1.0,113.32593653221396,23.1549452814315,2018-10-05-16-00-37
1.0,113.32843142244758,23.15494052813385,2018-10-05-16-00-37
1.0,113.32917989656359,23.154939107120924,2018-10-05-16-00-37
1.0,113.3314253437274,23.15493486275741,2018-10-05-16-00-37
1.0,113.33317183311055,23.154931585329706,2018-10-05-16-00-37
1.0,113.33516786003493,23.15492787104668,2018-10-05-16-00-37
1.0,113.33541736664894,23.154927409406962,2018-10-05-16-00-37
3.0,113.33566687402904,23.154926948395964,2018-10-05-16-00-37
1.0,113.3364154008982,23.154925569257355,2018-10-05-16-00-37
1.0,113.3376629622352,23.154923284405545,2018-10-05-16-00-37
1.0,113.32493856710957,23.155197090391106,2018-10-05-16-00-37
1.0,113.32518805379313,23.155196613568023,2018-10-05-16-00-37
1.0,113.32543754069508,23.155196136868273,2018-10-05-16-00-37
2.0,113.32593651520784,23.15519518388817,2018-10-05-16-00-37
1.0,113.32618600284542,23.155194707632536,2018-10-05-16-00-37
1.0,113.33142532669918,23.15518476521316,2018-10-05-16-00-37
1.0,113.33192432069764,23.15518382645916,2018-10-05-16-00-37
1.0,113.33666489442608,23.155175013338155,2018-10-05-16-00-37
1.0,113.336914405834,23.15517455565373,2018-10-05-16-00-37
3.0,113.33716391808727,23.155174098671175,2018-10-05-16-00-37
1.0,113.33741343119901,23.15517364240263,2018-10-05-16-00-37
2.0,113.32518803678991,23.155446516060056,2018-10-05-16-00-37
1.0,113.32618598583812,23.155444610124412,2018-10-05-16-00-37
1.0,113.32843138841505,23.155440333081593,2018-10-05-16-00-37
1.0,113.33067682279156,23.15543607904625,2018-10-05-16-00-37
1.0,113.33516782594872,23.155427675992183,2018-10-05-16-00-37
1.0,113.33541733256081,23.15542721435238,2018-10-05-16-00-37
1.0,113.3371639010363,23.15542400116121,2018-10-05-16-00-37
1.0,113.33741341414714,23.15542354489263,2018-10-05-16-00-37
13.0,113.33766292812963,23.155423089350208,2018-10-05-16-00-37
1.0,113.32618596883069,23.155694512651596,2018-10-05-16-00-37
1.0,113.3281818808326,23.155690709864093,2018-10-05-16-00-37
1.0,113.32942933772215,23.1556883415498,2018-10-05-16-00-37
1.0,113.32543748968183,23.15594584445024,2018-10-05-16-00-37
1.0,113.33217376746548,23.15593306533995,2018-10-05-16-00-37
1.0,113.33392026983879,23.15592979828101,2018-10-05-16-00-37
1.0,113.3341697728173,23.15592933368107,2018-10-05-16-00-37
2.0,113.33766289402338,23.155922894436113,2018-10-05-16-00-37
1.0,113.3251879857792,23.156196223748246,2018-10-05-16-00-37
1.0,113.3256869598068,23.15619527048409,2018-10-05-16-00-37
1.0,113.32618593481527,23.156194317812094,2018-10-05-16-00-37
2.0,113.32693439940144,23.156192890130768,2018-10-05-16-00-37
1.0,113.32743337733088,23.15619193937189,2018-10-05-16-00-37
1.0,113.3276828667974,23.15619146433816,2018-10-05-16-00-37
1.0,113.33117576242589,23.156184845420928,2018-10-05-16-00-37
1.0,113.33142525858469,23.156184375389238,2018-10-05-16-00-37
1.0,113.33516777481822,23.156177383675388,2018-10-05-16-00-37
2.0,113.33541728142734,23.15617692203546,2018-10-05-16-00-37
1.0,113.33641531565716,23.156175081885014,2018-10-05-16-00-37
3.0,113.32518796877527,23.15644612638185,2018-10-05-16-00-37
1.0,113.32568694280089,23.15644517311761,2018-10-05-16-00-37
1.0,113.32593643017479,23.15644469670137,2018-10-05-16-00-37
1.0,113.32618591780731,23.156444220445536,2018-10-05-16-00-37
1.0,113.32668489390173,23.156443268464532,2018-10-05-16-00-37
1.0,113.32693438239046,23.15644279276408,2018-10-05-16-00-37
1.0,113.3276828497834,23.156441366971354,2018-10-05-16-00-37
3.0,113.32818182978501,23.156440417657038,2018-10-05-16-00-37
2.0,113.3284313203479,23.156439943401235,2018-10-05-16-00-37
1.0,113.32868081130344,23.15643946942948,2018-10-05-16-00-37
1.0,113.33142524155564,23.15643427802181,2018-10-05-16-00-37
1.0,113.33466874680336,23.156428211424537,2018-10-05-16-00-37
1.0,113.33541726438251,23.156426824667363,2018-10-05-16-00-37
1.0,113.33566677175678,23.15642636365611,2018-10-05-16-00-37
1.0,113.33591627991035,23.156425903285786,2018-10-05-16-00-37
1.0,113.33666480917934,23.15642452614243,2018-10-05-16-00-37
1.0,113.33716383283085,23.156423611475027,2018-10-05-16-00-37
3.0,113.3256869257948,23.15669507578666,2018-10-05-16-00-37
1.0,113.32668487689159,23.156693171133423,2018-10-05-16-00-37
1.0,113.32718385417921,23.156692219942297,2018-10-05-16-00-37
1.0,113.3274333433047,23.156691744673893,2018-10-05-16-00-37
1.0,113.3281818127688,23.156690320325684,2018-10-05-16-00-37
1.0,113.3294292696383,23.156687952010568,2018-10-05-16-00-37
1.0,113.33067673766213,23.156685592032627,2018-10-05-16-00-37
1.0,113.33192421851295,23.15668324193542,2018-10-05-16-00-37
1.0,113.33591626286345,23.15667580595314,2018-10-05-16-00-37
1.0,113.3366647921295,23.156674428809648,2018-10-05-16-00-37
1.0,113.33741332888506,23.156673057873373,2018-10-05-16-00-37
2.0,113.32568690878851,23.156944978491307,2018-10-05-16-00-37
1.0,113.32743332629136,23.15694164737824,2018-10-05-16-00-37
1.0,113.32768281575486,23.15694117234439,2018-10-05-16-00-37
1.0,113.33142520749705,23.1569340833936,2018-10-05-16-00-37
2.0,113.33641526451052,23.15692478988687,2018-10-05-16-00-37
2.0,113.33691428648059,23.156923873827747,2018-10-05-16-00-37
1.0,113.32493843108713,23.15719631131948,2018-10-05-16-00-37
2.0,113.32518791776256,23.15719583449607,2018-10-05-16-00-37
1.0,113.3256868917821,23.157194881231586,2018-10-05-16-00-37
1.0,113.32593637915298,23.157194404815225,2018-10-05-16-00-37
9.0,113.32768279874037,23.157191075084338,2018-10-05-16-00-37
1.0,113.32917974338469,23.157188230499806,2018-10-05-16-00-37
1.0,113.3309261986977,23.157184926616548,2018-10-05-16-00-37
1.0,113.33192418445007,23.15718304737827,2018-10-05-16-00-37
1.0,113.33491820078945,23.157177456673175,2018-10-05-16-00-37
1.0,113.33591622876908,23.15717561139465,2018-10-05-16-00-37
1.0,113.3364152474613,23.15717469262537,2018-10-05-16-00-37
2.0,113.337163781675,23.157173319583265,2018-10-05-16-00-37
2.0,113.32593636214537,23.15744430759117,2018-10-05-16-00-37
1.0,113.32643533767431,23.157443355251928,2018-10-05-16-00-37
1.0,113.32693431434484,23.15744240365321,2018-10-05-16-00-37
1.0,113.3286807432296,23.15743908031745,2018-10-05-16-00-37
1.0,113.33716376462273,23.15742322235733,2018-10-05-16-00-37
1.0,113.32543737064509,23.157695163383778,2018-10-05-16-00-37
1.0,113.32568685776873,23.157694686819298,2018-10-05-16-00-37
1.0,113.32643532066452,23.157693258063542,2018-10-05-16-00-37
1.0,113.32668480884938,23.157692782165388,2018-10-05-16-00-37
1.0,113.32868072621073,23.157688983128686,2018-10-05-16-00-37
1.0,113.33466866159142,23.15767772511876,2018-10-05-16-00-37
1.0,113.33541717915593,23.157676338360954,2018-10-05-16-00-37
1.0,113.33691423532665,23.15767358215013,2018-10-05-16-00-37
1.0,113.33716374757029,23.15767312516715,2018-10-05-16-00-37
1.0,113.33766277464622,23.15767221335539,2018-10-05-16-00-37
1.0,113.32543735363916,23.15794506623137,2018-10-05-16-00-37
1.0,113.32568684076182,23.15794458966684,2018-10-05-16-00-37
1.0,113.32593632812966,23.157944113250355,2018-10-05-16-00-37
1.0,113.32618581575609,23.157943636994272,2018-10-05-16-00-37
1.0,113.32643530365456,23.15794316091096,2018-10-05-16-00-37
21.0,113.3266847918384,23.15794268501277,2018-10-05-16-00-37
48.0,113.32693428032104,23.157942209312072,2018-10-05-16-00-37
2.0,113.3276827476958,23.1579407835186,2018-10-05-16-00-37
1.0,113.33067665252851,23.15793510590866,2018-10-05-16-00-37
1.0,113.33117564322605,23.157934164597307,2018-10-05-16-00-37
1.0,113.33242312965069,23.157931818883057,2018-10-05-16-00-37
1.0,113.33441914016502,23.157928091417805,2018-10-05-16-00-37
1.0,113.33466864454851,23.157927627964806,2018-10-05-16-00-37
2.0,113.32518784974329,23.158195445815068,2018-10-05-16-00-37
10.0,113.32543733663309,23.15819496911482,2018-10-05-16-00-37
3.0,113.32568682375471,23.158194492550248,2018-10-05-16-00-37
1.0,113.32593631112155,23.158194016133727,2018-10-05-16-00-37
15.0,113.32668477482727,23.158192587896014,2018-10-05-16-00-37
6.0,113.32693426330893,23.158192112195273,2018-10-05-16-00-37
2.0,113.32793222049149,23.15819021161457,2018-10-05-16-00-37
1.0,113.32818171066816,23.158189737086786,2018-10-05-16-00-37
1.0,113.32843120122402,23.158189262830692,2018-10-05-16-00-37
1.0,113.33042714092987,23.158185480045987,2018-10-05-16-00-37
1.0,113.33117562619681,23.1581840674798,2018-10-05-16-00-37
1.0,113.3324231126165,23.15818172176534,2018-10-05-16-00-37
1.0,113.33317161164058,23.15818032001629,2018-10-05-16-00-37
1.0,113.33367061420068,23.158179388088485,2018-10-05-16-00-37
1.0,113.33392011648382,23.158178922932905,2018-10-05-16-00-37
3.0,113.3366646898269,23.158173845562267,2018-10-05-16-00-37
1.0,113.32593629411328,23.15844391905301,2018-10-05-16-00-37
1.0,113.32668475781595,23.158442490815172,2018-10-05-16-00-37
5.0,113.3269342462966,23.15844201511439,2018-10-05-16-00-37
2.0,113.32718373508942,23.15844153962347,2018-10-05-16-00-37
2.0,113.32743322420788,23.158441064354772,2018-10-05-16-00-37
1.0,113.3289301665066,23.158438218101804,2018-10-05-16-00-37
2.0,113.3314251053173,23.158433500366147,2018-10-05-16-00-37
1.0,113.33317159460329,23.15843022293437,2018-10-05-16-00-37
1.0,113.33342109555241,23.15842975670508,2018-10-05-16-00-37
1.0,113.3369141841712,23.158423290794797,2018-10-05-16-00-37
2.0,113.32493832906329,23.158695728513518,2018-10-05-16-00-37
6.0,113.32718371807593,23.15869144257853,2018-10-05-16-00-37
1.0,113.32743320719335,23.15869096730979,2018-10-05-16-00-37
2.0,113.33142508828675,23.158683403320502,2018-10-05-16-00-37
1.0,113.3316745849888,23.15868293372064,2018-10-05-16-00-37
1.0,113.33192408225737,23.158682464565345,2018-10-05-16-00-37
1.0,113.33591612648192,23.15867502857773,2018-10-05-16-00-37
2.0,113.33716367935878,23.15867273676508,2018-10-05-16-00-37
1.0,113.33741319245708,23.158672280495953,2018-10-05-16-00-37
1.0,113.32518779872707,23.158945154681273,2018-10-05-16-00-37
1.0,113.32543728561386,23.158944677980898,2018-10-05-16-00-37
2.0,113.33267256056033,23.15893096288022,2018-10-05-16-00-37
1.0,113.3359161094335,23.15892493156736,2018-10-05-16-00-37
1.0,113.33641512811215,23.15892401279749,2018-10-05-16-00-37
1.0,113.3301775787556,23.159185563574024,2018-10-05-16-00-37
2.0,113.33142505422516,23.159183209337343,2018-10-05-16-00-37
1.0,113.3319240481918,23.159182270582022,2018-10-05-16-00-37
1.0,113.33342104443649,23.159179465675283,2018-10-05-16-00-37
1.0,113.335666584242,23.159175294963852,2018-10-05-16-00-37
1.0,113.33741315834841,23.159172086510797,2018-10-05-16-00-37
1.0,113.32493827804913,23.159445437596197,2018-10-05-16-00-37
2.0,113.3254372516002,23.15944448407196,2018-10-05-16-00-37
1.0,113.32668468976908,23.159442102852122,2018-10-05-16-00-37
2.0,113.33042705579626,23.159434994998993,2018-10-05-16-00-37
1.0,113.3306765503627,23.15943452374404,2018-10-05-16-00-37
1.0,113.33117554104824,23.159433582432186,2018-10-05-16-00-37
1.0,113.3321735290043,23.159431704946016,2018-10-05-16-00-37
1.0,113.32618569668878,23.159692957933803,2018-10-05-16-00-37
2.0,113.33067653333448,23.159684426842972,2018-10-05-16-00-37
1.0,113.33142502016291,23.159683015498768,2018-10-05-16-00-37
1.0,113.33192401412558,23.159682076743273,2018-10-05-16-00-37
1.0,113.3321735119701,23.1596816080447,2018-10-05-16-00-37
4.0,113.33566655014624,23.159675101123852,2018-10-05-16-00-37
1.0,113.32693414421921,23.159941433386532,2018-10-05-16-00-37
1.0,113.32743312211836,23.159940482626425,2018-10-05-16-00-37
1.0,113.32768261156973,23.159940007592073,2018-10-05-16-00-37
2.0,113.32868057303341,23.159938110047875,2018-10-05-16-00-37
1.0,113.33217349493574,23.15993151117963,2018-10-05-16-00-37
1.0,113.33267249241594,23.15993057520232,2018-10-05-16-00-37
1.0,113.33292199207928,23.159930107948252,2018-10-05-16-00-37
1.0,113.33391999719841,23.15992824411603,2018-10-05-16-00-37
1.0,113.33516751914301,23.1599259269106,2018-10-05-16-00-37
1.0,113.33591604123808,23.159924543887293,2018-10-05-16-00-37
1.0,113.32518771369676,23.160194670180754,2018-10-05-16-00-37
1.0,113.32543720057846,23.160194193480173,2018-10-05-16-00-37
1.0,113.32768259455322,23.160189910764057,2018-10-05-16-00-37
2.0,113.32843106507244,23.160188487192077,2018-10-05-16-00-37
2.0,113.33142498609999,23.160182821805183,2018-10-05-16-00-37
1.0,113.33267247537943,23.160180478373483,2018-10-05-16-00-37
1.0,113.33292197504178,23.16018001111937,2018-10-05-16-00-37
1.0,113.33391998015695,23.16017814728698,2018-10-05-16-00-37
1.0,113.33441898678036,23.160177218653175,2018-10-05-16-00-37
1.0,113.33466849115506,23.1601767551998,2018-10-05-16-00-37
1.0,113.3366645534141,23.160173069912663,2018-10-05-16-00-37
1.0,113.33691406480264,23.160172612227413,2018-10-05-16-00-37
1.0,113.3256866706834,23.16044362012396,2018-10-05-16-00-37
1.0,113.32618564565745,23.160442667450567,2018-10-05-16-00-37
2.0,113.32768257753656,23.16043981397241,2018-10-05-16-00-37
1.0,113.32868053899216,23.160437916427888,2018-10-05-16-00-37
1.0,113.3289300303376,23.16043744275188,2018-10-05-16-00-37
1.0,113.33192396302498,23.160431786257178,2018-10-05-16-00-37
1.0,113.33217346086651,23.16043131755848,2018-10-05-16-00-37
1.0,113.33317145829874,23.160429447578807,2018-10-05-16-00-37
1.0,113.33342095923994,23.160428981349177,2018-10-05-16-00-37
1.0,113.33666453636174,23.16042297311952,2018-10-05-16-00-37
1.0,113.32518767968348,23.1606944766347,2018-10-05-16-00-37
2.0,113.32543716656313,23.16069399993404,2018-10-05-16-00-37
1.0,113.3259361410313,23.160693046952115,2018-10-05-16-00-37
1.0,113.3279320503205,23.160689242429648,2018-10-05-16-00-37
1.0,113.33192394599112,23.16068168950124,2018-10-05-16-00-37
1.0,113.33391994607356,23.16067795373803,2018-10-05-16-00-37
1.0,113.33416944903341,23.16067748913728,2018-10-05-16-00-37
1.0,113.32493817601632,23.16094485674039,2018-10-05-16-00-37
1.0,113.32518766267657,23.16094437991636,2018-10-05-16-00-37
1.0,113.32593612402141,23.16094295023365,2018-10-05-16-00-37
1.0,113.32743305405536,23.160940095532943,2018-10-05-16-00-37
1.0,113.32768254350272,23.160939620498425,2018-10-05-16-00-37
1.0,113.32493815901027,23.161194760058606,2018-10-05-16-00-37
2.0,113.3251876456695,23.161194283234547,2018-10-05-16-00-37
1.0,113.32618559462459,23.161192377295087,2018-10-05-16-00-37
1.0,113.3264350825099,23.16119190121124,2018-10-05-16-00-37
1.0,113.32693405915012,23.16119094961128,2018-10-05-16-00-37
1.0,113.32768252648552,23.161189523816194,2018-10-05-16-00-37
2.0,113.32843099699265,23.16118810024372,2018-10-05-16-00-37
2.0,113.32868048792906,23.161187626271172,2018-10-05-16-00-37
1.0,113.32942896322793,23.16118620618147,2018-10-05-16-00-37
2.0,113.32967845586872,23.161185733468734,2018-10-05-16-00-37
1.0,113.33017744254248,23.16118478909317,2018-10-05-16-00-37
1.0,113.33317140718177,23.161179157419852,2018-10-05-16-00-37
1.0,113.32493814200407,23.161444663413423,2018-10-05-16-00-37
1.0,113.32518762866226,23.161444186589307,2018-10-05-16-00-37
1.0,113.32593609000105,23.16144275690636,2018-10-05-16-00-37
1.0,113.32942894620355,23.161436109535533,2018-10-05-16-00-37
1.0,113.32967843884336,23.161435636822766,2018-10-05-16-00-37
1.0,113.33067641413228,23.161433749553648,2018-10-05-16-00-37
1.0,113.32568658563792,23.16169313671475,2018-10-05-16-00-37
2.0,113.32643504848515,23.161691707957004,2018-10-05-16-00-37
2.0,113.32668453665384,23.1616912320582,2018-10-05-16-00-37
5.0,113.3269340251213,23.16169075635688,2018-10-05-16-00-37
1.0,113.32843096295177,23.16168790698882,2018-10-05-16-00-37
2.0,113.32868045388616,23.161687433016194,2018-10-05-16-00-37
3.0,113.32892994522655,23.16168695933998,2018-10-05-16-00-37
1.0,113.329428929179,23.16168601292624,2018-10-05-16-00-37
1.0,113.3296784218178,23.161685540213426,2018-10-05-16-00-37
2.0,113.32593605598,23.161942563725624,2018-10-05-16-00-37
1.0,113.32618554359024,23.161942087468876,2018-10-05-16-00-37
1.0,113.32643503147251,23.161941611384908,2018-10-05-16-00-37
2.0,113.32843094593105,23.16193781041639,2018-10-05-16-00-37
1.0,113.33242285708374,23.161930269341088,2018-10-05-16-00-37
1.0,113.33491787693376,23.16192561555518,2018-10-05-16-00-37
1.0,113.33741297073881,23.161921022188444,2018-10-05-16-00-37
1.0,113.32543706451315,23.162193420172766,2018-10-05-16-00-37
1.0,113.33691392837142,23.162171838904708,2018-10-05-16-00-37
1.0,113.32768244139716,23.162439040954922,2018-10-05-16-00-37
1.0,113.32868040282057,23.162437143409075,2018-10-05-16-00-37
1.0,113.3349178428402,23.162425422518464,2018-10-05-16-00-37
1.0,113.33516734867204,23.16242496026099,2018-10-05-16-00-37
1.0,113.3261854925544,23.162691797973412,2018-10-05-16-00-37
1.0,113.3279319141717,23.16268846970517,2018-10-05-16-00-37
1.0,113.33292180465764,23.162679044839624,2018-10-05-16-00-37
1.0,113.335167331624,23.16267486379785,2018-10-05-16-00-37
1.0,113.33566634555763,23.162673941144533,2018-10-05-16-00-37
1.0,113.33616536260872,23.162673021054932,2018-10-05-16-00-37
1.0,113.32493803996327,23.16294408431365,2018-10-05-16-00-37
2.0,113.32618547554213,23.16294170154869,2018-10-05-16-00-37
2.0,113.32643496342035,23.16294122546454,2018-10-05-16-00-37
1.0,113.32668445158396,23.162940749565525,2018-10-05-16-00-37
1.0,113.32693394004644,23.162940273864002,2018-10-05-16-00-37
1.0,113.32768240736065,23.162938848068052,2018-10-05-16-00-37
1.0,113.32818138730987,23.162937898751586,2018-10-05-16-00-37
1.0,113.33816206108848,23.15392276608079,2018-10-05-16-00-37
1.0,113.33891061392048,23.15392140854393,2018-10-05-16-00-37
1.0,113.3391601334144,23.153920957613106,2018-10-05-16-00-37
1.0,113.34015822115484,23.153919162118576,2018-10-05-16-00-37
1.0,113.34115632514371,23.15391738036686,2018-10-05-16-00-37
1.0,113.34140585377712,23.15391693716609,2018-10-05-16-00-37
1.0,113.34290304871624,23.153914297671736,2018-10-05-16-00-37
1.0,113.34340212281944,23.15391342563387,2018-10-05-16-00-37
1.0,113.34514892011843,23.153910406047462,2018-10-05-16-00-37
1.0,113.3456480163197,23.153909552994357,2018-10-05-16-00-37
1.0,113.33791252826444,23.154173122448462,2018-10-05-16-00-37
2.0,113.33816204403452,23.15417266839496,2018-10-05-16-00-37
1.0,113.3384115607157,23.15417221510398,2018-10-05-16-00-37
1.0,113.33866107832102,23.154171762587627,2018-10-05-16-00-37
1.0,113.33891059686366,23.15417131085798,2018-10-05-16-00-37
2.0,113.34215442914206,23.15416551543743,2018-10-05-16-00-37
1.0,113.34240396217331,23.154165075983055,2018-10-05-16-00-37
2.0,113.3429030316444,23.154164199985107,2018-10-05-16-00-37
3.0,113.34315256810991,23.154163763465217,2018-10-05-16-00-37
1.0,113.34340210574577,23.15416332794715,2018-10-05-16-00-37
2.0,113.34365164456476,23.1541628934427,2018-10-05-16-00-37
1.0,113.3444002682482,23.154161596128773,2018-10-05-16-00-37
2.0,113.34589754927723,23.15415903045331,2018-10-05-16-00-37
1.0,113.34689576265923,23.15415734245922,2018-10-05-16-00-37
1.0,113.33791251121129,23.1544230247977,2018-10-05-16-00-37
2.0,113.3384115436606,23.15442211745314,2018-10-05-16-00-37
2.0,113.33866106126499,23.154421664936738,2018-10-05-16-00-37
1.0,113.34190488016148,23.154415858194827,2018-10-05-16-00-37
1.0,113.34464979484885,23.15441106814453,2018-10-05-16-00-37
1.0,113.34639663621357,23.154408086496574,2018-10-05-16-00-37
1.0,113.34689574557275,23.15440724480693,2018-10-05-16-00-37
1.0,113.3471453022861,23.15440682572158,2018-10-05-16-00-37
1.0,113.34739486037192,23.15440640782456,2018-10-05-16-00-37
1.0,113.33816200992612,23.154672473128446,2018-10-05-16-00-37
1.0,113.33841152660536,23.15467201983738,2018-10-05-16-00-37
1.0,113.34340207159791,23.154663132678856,2018-10-05-16-00-37
1.0,113.34464977777029,23.15466097052771,2018-10-05-16-00-37
5.0,113.34614706645876,23.15465841146072,2018-10-05-16-00-37
1.0,113.34639661912873,23.154657988879453,2018-10-05-16-00-37
1.0,113.34664617313368,23.154657567451945,2018-10-05-16-00-37
1.0,113.34689572848612,23.15465714718973,2018-10-05-16-00-37
2.0,113.34714528519858,23.154656728104328,2018-10-05-16-00-37
1.0,113.3473948432835,23.154656310207265,2018-10-05-16-00-37
1.0,113.3386610271524,23.154921469740287,2018-10-05-16-00-37
1.0,113.34165531522108,23.154916104348796,2018-10-05-16-00-37
1.0,113.34215437793385,23.15491522258832,2018-10-05-16-00-37
1.0,113.34415067457294,23.15491173467161,2018-10-05-16-00-37
1.0,113.34639660204368,23.15490789129748,2018-10-05-16-00-37
1.0,113.34664615604777,23.15490746986993,2018-10-05-16-00-37
2.0,113.34689571139931,23.15490704960766,2018-10-05-16-00-37
4.0,113.34714526811086,23.15490663052223,2018-10-05-16-00-37
2.0,113.34739482619491,23.15490621262511,2018-10-05-16-00-37
3.0,113.34639658495848,23.1551577937507,2018-10-05-16-00-37
2.0,113.3466461389617,23.155157372323107,2018-10-05-16-00-37
2.0,113.34689569431237,23.1551569520608,2018-10-05-16-00-37
2.0,113.34714525102305,23.155156532975322,2018-10-05-16-00-37
1.0,113.34115622274922,23.1554167947754,2018-10-05-16-00-37
4.0,113.34639656787311,23.15540769623917,2018-10-05-16-00-37
4.0,113.34664612187542,23.15540727481153,2018-10-05-16-00-37
1.0,113.34140573430977,23.15566625409901,2018-10-05-16-00-37
1.0,113.34165526401695,23.155665811816696,2018-10-05-16-00-37
2.0,113.3463965507876,23.15565759876295,2018-10-05-16-00-37
1.0,113.346646104789,23.15565717733527,2018-10-05-16-00-37
3.0,113.34689566013792,23.15565675707288,2018-10-05-16-00-37
1.0,113.33791240888876,23.155922439631897,2018-10-05-16-00-37
1.0,113.34140571724232,23.15591615665901,2018-10-05-16-00-37
1.0,113.3426533768354,23.15591395467281,2018-10-05-16-00-37
1.0,113.34315244859593,23.155913080642435,2018-10-05-16-00-37
1.0,113.34614698103641,23.15590792390357,2018-10-05-16-00-37
1.0,113.34639653370192,23.155907501322094,2018-10-05-16-00-37
2.0,113.33791239183444,23.156172342227908,2018-10-05-16-00-37
2.0,113.33841142427036,23.15617143488275,2018-10-05-16-00-37
1.0,113.33915997988838,23.15617007970486,2018-10-05-16-00-37
1.0,113.33990854417729,23.15616873182445,2018-10-05-16-00-37
1.0,113.34040759202765,23.15616783745213,2018-10-05-16-00-37
1.0,113.34390104796957,23.15616167973496,2018-10-05-16-00-37
1.0,113.33791237477993,23.15642224485939,2018-10-05-16-00-37
1.0,113.33990852711516,23.156418634455594,2018-10-05-16-00-37
1.0,113.3401580505316,23.156418186839925,2018-10-05-16-00-37
2.0,113.34340195207511,23.1564124503497,2018-10-05-16-00-37
1.0,113.34365149088586,23.15641201584486,2018-10-05-16-00-37
1.0,113.34390103089257,23.156411582365426,2018-10-05-16-00-37
1.0,113.3444001145447,23.156410718529788,2018-10-05-16-00-37
1.0,113.34464965821556,23.15641028819705,2018-10-05-16-00-37
2.0,113.34489920313328,23.156409858936662,2018-10-05-16-00-37
1.0,113.34514874931044,23.156409430760302,2018-10-05-16-00-37
1.0,113.346895608875,23.156406464856364,2018-10-05-16-00-37
1.0,113.34714516558128,23.156406045770673,2018-10-05-16-00-37
1.0,113.33791235772527,23.156672147526407,2018-10-05-16-00-37
1.0,113.33940946621657,23.156669434882488,2018-10-05-16-00-37
2.0,113.34015803346836,23.156668089506564,2018-10-05-16-00-37
1.0,113.34115613741587,23.15666630775298,2018-10-05-16-00-37
2.0,113.34340193499979,23.156662353015786,2018-10-05-16-00-37
4.0,113.34365147380963,23.156661918510903,2018-10-05-16-00-37
1.0,113.34390101381537,23.156661485031425,2018-10-05-16-00-37
1.0,113.34440009746571,23.156660621195694,2018-10-05-16-00-37
2.0,113.34464964113566,23.156660190862922,2018-10-05-16-00-37
2.0,113.34489918605246,23.156659761602487,2018-10-05-16-00-37
1.0,113.3399084929904,23.156918439824533,2018-10-05-16-00-37
1.0,113.34040754083507,23.15691754545197,2018-10-05-16-00-37
1.0,113.34315238029852,23.15691269123599,2018-10-05-16-00-37
5.0,113.34340191792423,23.15691225571745,2018-10-05-16-00-37
2.0,113.34365145673316,23.156911821212532,2018-10-05-16-00-37
1.0,113.34390099673806,23.15691138773301,2018-10-05-16-00-37
2.0,113.34415053795156,23.15691095529065,2018-10-05-16-00-37
1.0,113.34564781132649,23.156908383073315,2018-10-05-16-00-37
2.0,113.33940943209524,23.15716924032283,2018-10-05-16-00-37
4.0,113.34340190084856,23.157162158454767,2018-10-05-16-00-37
1.0,113.34365143965657,23.157161723949798,2018-10-05-16-00-37
2.0,113.34390097966049,23.15716129047023,2018-10-05-16-00-37
1.0,113.34464960697535,23.15715999630148,2018-10-05-16-00-37
1.0,113.33940941503435,23.15741914309652,2018-10-05-16-00-37
1.0,113.33965893645487,23.157418693798828,2018-10-05-16-00-37
2.0,113.3429028096953,23.15741293326684,2018-10-05-16-00-37
2.0,113.34415050379455,23.15741076080072,2018-10-05-16-00-37
1.0,113.34464958989493,23.15740989907428,2018-10-05-16-00-37
1.0,113.344899134809,23.157409469813715,2018-10-05-16-00-37
1.0,113.3463964311842,23.15740691742273,2018-10-05-16-00-37
1.0,113.340407489641,23.157667253772587,2018-10-05-16-00-37
2.0,113.34365140550287,23.157661529531488,2018-10-05-16-00-37
2.0,113.34415048671578,23.157660663609352,2018-10-05-16-00-37
1.0,113.34464957281435,23.157659801882826,2018-10-05-16-00-37
1.0,113.33816178820508,23.15792120734225,2018-10-05-16-00-37
1.0,113.3389103409912,23.157919849803378,2018-10-05-16-00-37
1.0,113.33915986046988,23.15791939887188,2018-10-05-16-00-37
3.0,113.33965890233068,23.157918499453434,2018-10-05-16-00-37
1.0,113.34065699803092,23.157916710731627,2018-10-05-16-00-37
1.0,113.34140558069677,23.157915378418775,2018-10-05-16-00-37
1.0,113.34365138842577,23.157911432376018,2018-10-05-16-00-37
2.0,113.34415046963684,23.1579105664538,2018-10-05-16-00-37
2.0,113.34464955573358,23.15790970472718,2018-10-05-16-00-37
1.0,113.33915984340945,23.158169301753034,2018-10-05-16-00-37
1.0,113.33940936385063,23.15816885163233,2018-10-05-16-00-37
1.0,113.34065698096478,23.158166613612533,2018-10-05-16-00-37
1.0,113.34090650746029,23.158166168609352,2018-10-05-16-00-37
1.0,113.34115603501031,23.158165724501046,2018-10-05-16-00-37
1.0,113.34140556362783,23.158165281299556,2018-10-05-16-00-37
13.0,113.34390091134877,23.158160901776682,2018-10-05-16-00-37
2.0,113.34415045255774,23.158160469334106,2018-10-05-16-00-37
1.0,113.33816175409169,23.158421013140828,2018-10-05-16-00-37
1.0,113.33866078834565,23.158420107332066,2018-10-05-16-00-37
1.0,113.33915982634882,23.15841920467011,2018-10-05-16-00-37
1.0,113.33965886820582,23.158418305251498,2018-10-05-16-00-37
2.0,113.34015791402099,23.15841740917255,2018-10-05-16-00-37
1.0,113.34065696389848,23.158416516529353,2018-10-05-16-00-37
1.0,113.34090649039305,23.158416071526126,2018-10-05-16-00-37
1.0,113.34240367195791,23.15841342071671,2018-10-05-16-00-37
1.0,113.33866077128677,23.158670010285203,2018-10-05-16-00-37
1.0,113.3389102898122,23.158669558554788,2018-10-05-16-00-37
1.0,113.33990837354848,23.158667759741483,2018-10-05-16-00-37
1.0,113.34015789695641,23.158667312125434,2018-10-05-16-00-37
1.0,113.34090647332566,23.15866597447889,2018-10-05-16-00-37
2.0,113.3411560008738,23.1586655303705,2018-10-05-16-00-37
1.0,113.33791220422572,23.158921273137608,2018-10-05-16-00-37
1.0,113.33841123664055,23.15892036579153,2018-10-05-16-00-37
1.0,113.33990835648468,23.158917662730442,2018-10-05-16-00-37
1.0,113.34015787989166,23.15891721511435,2018-10-05-16-00-37
1.0,113.34165504211508,23.158914547874765,2018-10-05-16-00-37
1.0,113.34215410479807,23.158913666112927,2018-10-05-16-00-37
1.0,113.34015786282673,23.159167118139354,2018-10-05-16-00-37
2.0,113.34115596673662,23.15916533638407,2018-10-05-16-00-37
1.0,113.341904555832,23.159164009547272,2018-10-05-16-00-37
1.0,113.34215408772566,23.159163569137593,2018-10-05-16-00-37
1.0,113.34315222661958,23.15916181716197,2018-10-05-16-00-37
1.0,113.34464947032734,23.159159219488053,2018-10-05-16-00-37
1.0,113.33965879995407,23.159417917279786,2018-10-05-16-00-37
1.0,113.34290267309716,23.159412156743393,2018-10-05-16-00-37
1.0,113.34564764048041,23.159407412055653,2018-10-05-16-00-37
1.0,113.33841118546526,23.159670074975896,2018-10-05-16-00-37
2.0,113.34589717341456,23.15965689029717,2018-10-05-16-00-37
1.0,113.33866068598984,23.15991952559245,2018-10-05-16-00-37
4.0,113.3391597239816,23.159918622929997,2018-10-05-16-00-37
3.0,113.33940924441612,23.159918172809,2018-10-05-16-00-37
1.0,113.34639626030796,23.15990594712328,2018-10-05-16-00-37
1.0,113.347144926322,23.159904686345445,2018-10-05-16-00-37
1.0,113.33866066892996,23.160169428762607,2018-10-05-16-00-37
1.0,113.3394092273534,23.160168075979033,2018-10-05-16-00-37
2.0,113.3396587487635,23.160167626680874,2018-10-05-16-00-37
1.0,113.3419044875444,23.160163622008056,2018-10-05-16-00-37
1.0,113.3434016959273,23.160160994102824,2018-10-05-16-00-37
1.0,113.34390077471727,23.16016012611727,2018-10-05-16-00-37
1.0,113.34464940199932,23.16015883194698,2018-10-05-16-00-37
1.0,113.33816161763129,23.160420237778567,2018-10-05-16-00-37
1.0,113.33940921029048,23.160417979185425,2018-10-05-16-00-37
1.0,113.33990825409836,23.16041708142394,2018-10-05-16-00-37
1.0,113.3458971050672,23.160656503045693,2018-10-05-16-00-37
1.0,113.34739443311169,23.16065397806259,2018-10-05-16-00-37
1.0,113.34265303535857,23.16091201338057,2018-10-05-16-00-37
1.0,113.34415026467659,23.16090940340042,2018-10-05-16-00-37
1.0,113.34589708797992,23.16090640632387,2018-10-05-16-00-37
1.0,113.34614663930509,23.16090598259936,2018-10-05-16-00-37
1.0,113.33990820290293,23.161166791261593,2018-10-05-16-00-37
1.0,113.34015772630144,23.16116634364512,2018-10-05-16-00-37
2.0,113.34065675908987,23.161415354353174,2018-10-05-16-00-37
1.0,113.3434016105363,23.161410510496122,2018-10-05-16-00-37
2.0,113.34390068931714,23.161409642510144,2018-10-05-16-00-37
1.0,113.34415023051424,23.161409210067013,2018-10-05-16-00-37
1.0,113.3456475037915,23.161406637845054,2018-10-05-16-00-37
1.0,113.34689526708368,23.161404524990786,2018-10-05-16-00-37
1.0,113.3404072165806,23.16166570362868,2018-10-05-16-00-37
1.0,113.34315205584934,23.16166084940383,2018-10-05-16-00-37
1.0,113.33990815170601,23.161916501428504,2018-10-05-16-00-37
1.0,113.34065672495278,23.16191516116752,2018-10-05-16-00-37
1.0,113.34639612359491,23.16190517349523,2018-10-05-16-00-37
1.0,113.34689523290086,23.161904331803,2018-10-05-16-00-37
2.0,113.34090623436444,23.16216461962593,2018-10-05-16-00-37
1.0,113.34115576189949,23.16216417551695,2018-10-05-16-00-37
1.0,113.34240341584534,23.16216196881269,2018-10-05-16-00-37
1.0,113.3426529499789,23.16216153032327,2018-10-05-16-00-37
1.0,113.34290248525728,23.162161092812017,2018-10-05-16-00-37
2.0,113.34315202169329,23.16216065629077,2018-10-05-16-00-37
1.0,113.33891003389463,23.162418107205934,2018-10-05-16-00-37
2.0,113.33990811757391,23.162416308390103,2018-10-05-16-00-37
1.0,113.34190433388756,23.16241275217748,2018-10-05-16-00-37
1.0,113.34390062099399,23.162409256283627,2018-10-05-16-00-37
2.0,113.34415016218746,23.162408823840327,2018-10-05-16-00-37
1.0,113.33866049832196,23.16266846247325,2018-10-05-16-00-37
2.0,113.33891001683212,23.162668010742173,2018-10-05-16-00-37
1.0,113.34115572775758,23.162663982551788,2018-10-05-16-00-37
1.0,113.3421538486944,23.16266221530293,2018-10-05-16-00-37
1.0,113.3429024511024,23.16266089984627,2018-10-05-16-00-37
1.0,113.34340152514116,23.16266002780541,2018-10-05-16-00-37
1.0,113.343651063929,23.162659593299512,2018-10-05-16-00-37
2.0,113.34390060391279,23.162659159819004,2018-10-05-16-00-37
1.0,113.34689518162537,23.162654042297074,2018-10-05-16-00-37
1.0,113.34764445402064,23.153906186467207,2018-10-05-16-00-37
1.0,113.35288554462471,23.15389773307675,2018-10-05-16-00-37
1.0,113.34839312377987,23.154154846001614,2018-10-05-16-00-37
2.0,113.348642688915,23.15415443421808,2018-10-05-16-00-37
2.0,113.34889225549686,23.15415402369144,2018-10-05-16-00-37
2.0,113.34914182353779,23.154153614433042,2018-10-05-16-00-37
1.0,113.35088884170491,23.154150786083218,2018-10-05-16-00-37
1.0,113.3513880035791,23.154149990038857,2018-10-05-16-00-37
1.0,113.3521367582745,23.15414880635281,2018-10-05-16-00-37
1.0,113.35463271412664,23.15414495427027,2018-10-05-16-00-37
1.0,113.35712884337906,23.154141254387184,2018-10-05-16-00-37
1.0,113.34764441984258,23.154405991127344,2018-10-05-16-00-37
1.0,113.34789398071061,23.1544055756414,2018-10-05-16-00-37
1.0,113.34814354298834,23.154405161378175,2018-10-05-16-00-37
2.0,113.34864267182242,23.15440433656549,2018-10-05-16-00-37
1.0,113.34889223840342,23.15440392603881,2018-10-05-16-00-37
1.0,113.34914180644348,23.154403516780363,2018-10-05-16-00-37
1.0,113.34964094694979,23.15440270211348,2018-10-05-16-00-37
1.0,113.35038966895806,23.154401489907283,2018-10-05-16-00-37
1.0,113.35063924600914,23.154401088495256,2018-10-05-16-00-37
1.0,113.35088882460464,23.154400688430233,2018-10-05-16-00-37
1.0,113.35138798647715,23.154399892385783,2018-10-05-16-00-37
1.0,113.35188715467186,23.154399101862847,2018-10-05-16-00-37
1.0,113.3571288262587,23.154391156733087,2018-10-05-16-00-37
3.0,113.34764440275332,23.15465589351001,2018-10-05-16-00-37
1.0,113.34789396362045,23.154655478024026,2018-10-05-16-00-37
1.0,113.34814352589731,23.15465506376075,2018-10-05-16-00-37
1.0,113.34889222130978,23.15465382842125,2018-10-05-16-00-37
2.0,113.34914178934898,23.15465341916277,2018-10-05-16-00-37
1.0,113.34939135885948,23.154653011183854,2018-10-05-16-00-37
1.0,113.34989050234344,23.15465219910988,2018-10-05-16-00-37
1.0,113.35113838765534,23.15465019210542,2018-10-05-16-00-37
1.0,113.351387969375,23.1546497947678,2018-10-05-16-00-37
1.0,113.35188713756807,23.15464900424477,2018-10-05-16-00-37
1.0,113.34864263763671,23.154904141365613,2018-10-05-16-00-37
1.0,113.3498904852462,23.15490210152729,2018-10-05-16-00-37
1.0,113.3503896347603,23.154901294706804,2018-10-05-16-00-37
1.0,113.35088879040356,23.154900493229576,2018-10-05-16-00-37
1.0,113.35637993435336,23.154892054879433,2018-10-05-16-00-37
1.0,113.34814349171477,23.155154868631392,2018-10-05-16-00-37
1.0,113.35163751846883,23.15514920367997,2018-10-05-16-00-37
1.0,113.35113833635046,23.15539989946266,2018-10-05-16-00-37
1.0,113.35138791806763,23.1553995021249,2018-10-05-16-00-37
1.0,113.35687913672196,23.15539112930387,2018-10-05-16-00-37
1.0,113.35038958346253,23.155651002170192,2018-10-05-16-00-37
1.0,113.35338461260064,23.15564627656617,2018-10-05-16-00-37
1.0,113.35338459549108,23.15589617912409,2018-10-05-16-00-37
1.0,113.34764430021411,23.15615530854591,2018-10-05-16-00-37
2.0,113.34789386107605,23.156154893059675,2018-10-05-16-00-37
1.0,113.35313494946932,23.1566462729969,2018-10-05-16-00-37
1.0,113.34939118789673,23.15715203694942,2018-10-05-16-00-37
1.0,113.35038948086243,23.157150418053288,2018-10-05-16-00-37
1.0,113.35063905790422,23.157150016640788,2018-10-05-16-00-37
1.0,113.35163738163641,23.157148424572192,2018-10-05-16-00-37
1.0,113.3483929015743,23.15740357927107,2018-10-05-16-00-37
1.0,113.34889201617315,23.157652659767574,2018-10-05-16-00-37
1.0,113.35712858655606,23.15788979328509,2018-10-05-16-00-37
2.0,113.3493911024091,23.158401551167394,2018-10-05-16-00-37
1.0,113.3476441293021,23.158654336449708,2018-10-05-16-00-37
1.0,113.34789369015525,23.15865392096304,2018-10-05-16-00-37
1.0,113.35163727900508,23.158647841739107,2018-10-05-16-00-37
1.0,113.34914149871695,23.158901765085684,2018-10-05-16-00-37
2.0,113.35138767861318,23.158898140684034,2018-10-05-16-00-37
2.0,113.34764409511769,23.159154142461066,2018-10-05-16-00-37
1.0,113.35188681256413,23.159397156241607,2018-10-05-16-00-37
1.0,113.35213639904578,23.159396763077503,2018-10-05-16-00-37
1.0,113.34914144742396,23.159651474264546,2018-10-05-16-00-37
1.0,113.35063888688215,23.159649045973946,2018-10-05-16-00-37
1.0,113.35213638193777,23.159646666172772,2018-10-05-16-00-37
2.0,113.3476440438398,23.159903851749302,2018-10-05-16-00-37
1.0,113.35263554265109,23.159895787227484,2018-10-05-16-00-37
1.0,113.34789358759473,23.16015333943098,2018-10-05-16-00-37
2.0,113.34814314985235,23.16015292516676,2018-10-05-16-00-37
2.0,113.34839271353215,23.16015251213666,2018-10-05-16-00-37
1.0,113.34864227864644,23.16015210035208,2018-10-05-16-00-37
1.0,113.35238593581695,23.16014608072141,2018-10-05-16-00-37
1.0,113.3478935705007,23.160403242635926,2018-10-05-16-00-37
2.0,113.3483926964364,23.160402415341512,2018-10-05-16-00-37
1.0,113.34889182811007,23.160401593029164,2018-10-05-16-00-37
1.0,113.3491413961294,23.16040118376968,2018-10-05-16-00-37
1.0,113.35288509979463,23.1603952047086,2018-10-05-16-00-37
1.0,113.34789355340655,23.16065314587728,2018-10-05-16-00-37
1.0,113.34814311566242,23.16065273161297,2018-10-05-16-00-37
1.0,113.34889181101241,23.16065149627035,2018-10-05-16-00-37
1.0,113.34939094852078,23.16065067903085,2018-10-05-16-00-37
1.0,113.34964051949429,23.16065027234175,2018-10-05-16-00-37
3.0,113.35138755887364,23.160647462606413,2018-10-05-16-00-37
1.0,113.35188672702671,23.16064667208128,2018-10-05-16-00-37
1.0,113.3491413619322,23.16090099028843,2018-10-05-16-00-37
1.0,113.35363384961883,23.16089385327577,2018-10-05-16-00-37
2.0,113.34914132773433,23.161400796953306,2018-10-05-16-00-37
1.0,113.35463221779406,23.16139213676249,2018-10-05-16-00-37
1.0,113.35637948921624,23.16138953021916,2018-10-05-16-00-37
1.0,113.34814304728056,23.16165234494352,2018-10-05-16-00-37
1.0,113.34889174262013,23.161651109600378,2018-10-05-16-00-37
2.0,113.34914131063515,23.161650700340672,2018-10-05-16-00-37
2.0,113.34989002355762,23.16164948028413,2018-10-05-16-00-37
1.0,113.35438259750424,23.161642418686622,2018-10-05-16-00-37
1.0,113.35063873294796,23.161898175471787,2018-10-05-16-00-37
1.0,113.35438258038742,23.16189232210977,2018-10-05-16-00-37
1.0,113.3568786915361,23.161888606511962,2018-10-05-16-00-37
1.0,113.35712831256987,23.16188824367505,2018-10-05-16-00-37
1.0,113.35388336208538,23.162142987168995,2018-10-05-16-00-37
1.0,113.35438256327043,23.162142225569657,2018-10-05-16-00-37
1.0,113.35563059658405,23.162140348209906,2018-10-05-16-00-37
1.0,113.35588020854244,23.16213997739009,2018-10-05-16-00-37
1.0,113.35063869873849,23.16239798242969,2018-10-05-16-00-37
1.0,113.35088827730705,23.162397582363266,2018-10-05-16-00-37
1.0,113.35213619373896,23.162395602625622,2018-10-05-16-00-37
1.0,113.3523857818272,23.16239521087451,2018-10-05-16-00-37
1.0,113.35313455591036,23.16239404421217,2018-10-05-16-00-37
1.0,113.35438254615332,23.162392129066355,2018-10-05-16-00-37
1.0,113.34864210767272,23.16265113404564,2018-10-05-16-00-37
1.0,113.34914124223677,23.162650314257647,2018-10-05-16-00-37
1.0,113.3496403826864,23.16264949958788,2018-10-05-16-00-37
1.0,113.35363372981807,23.162643177239453,2018-10-05-16-00-37
1.0,113.32518750960699,23.1631935111017,2018-10-05-16-00-37
1.0,113.32568648357793,23.16319255783523,2018-10-05-16-00-37
1.0,113.32618545852968,23.16319160516093,2018-10-05-16-00-37
2.0,113.32668443456951,23.163190653177686,2018-10-05-16-00-37
1.0,113.32693392303095,23.16319017747612,2018-10-05-16-00-37
2.0,113.3271834118046,23.16318970198441,2018-10-05-16-00-37
2.0,113.32793188013281,23.163188276892107,2018-10-05-16-00-37
2.0,113.32818137028936,23.163187802363485,2018-10-05-16-00-37
1.0,113.3324227718978,23.16317978702795,2018-10-05-16-00-37
1.0,113.33391977564663,23.163176988190518,2018-10-05-16-00-37
1.0,113.32593595391288,23.16344198506718,2018-10-05-16-00-37
2.0,113.32618544151708,23.16344150881019,2018-10-05-16-00-37
2.0,113.32643492939327,23.163441032725963,2018-10-05-16-00-37
1.0,113.3269339060153,23.16344008112526,2018-10-05-16-00-37
1.0,113.3274328838862,23.16343913036399,2018-10-05-16-00-37
1.0,113.32768237332346,23.163438655329056,2018-10-05-16-00-37
1.0,113.32793186311315,23.16343818054108,2018-10-05-16-00-37
1.0,113.333919758603,23.163426891838487,2018-10-05-16-00-37
1.0,113.33441876520084,23.1634259632036,2018-10-05-16-00-37
1.0,113.32568644955656,23.163692365171013,2018-10-05-16-00-37
1.0,113.32593593690113,23.163691888753572,2018-10-05-16-00-37
1.0,113.32668440054009,23.16369046051313,2018-10-05-16-00-37
3.0,113.32693388899948,23.163689984811484,2018-10-05-16-00-37
2.0,113.32718337777109,23.163689509319692,2018-10-05-16-00-37
2.0,113.32768235630462,23.16368855901516,2018-10-05-16-00-37
1.0,113.33292173649929,23.16367865935827,2018-10-05-16-00-37
1.0,113.33391974155924,23.163676795523553,2018-10-05-16-00-37
1.0,113.32618540749134,23.163941316220022,2018-10-05-16-00-37
2.0,113.32643489536552,23.163940840135712,2018-10-05-16-00-37
2.0,113.32743284985037,23.16393893777341,2018-10-05-16-00-37
1.0,113.32768233928562,23.16393846273839,2018-10-05-16-00-37
1.0,113.32793182907328,23.16393798795033,2018-10-05-16-00-37
1.0,113.33591576842969,23.163922999011664,2018-10-05-16-00-37
1.0,113.33716332120476,23.16392070719462,2018-10-05-16-00-37
1.0,113.32518744157173,23.16419312592212,2018-10-05-16-00-37
1.0,113.32618539047823,23.164191219980694,2018-10-05-16-00-37
2.0,113.32718334373699,23.16418931680352,2018-10-05-16-00-37
3.0,113.3274328328322,23.16418884153387,2018-10-05-16-00-37
1.0,113.32768232226644,23.16418836649881,2018-10-05-16-00-37
1.0,113.3279318120531,23.16418789171071,2018-10-05-16-00-37
1.0,113.33516722933241,23.164174285796157,2018-10-05-16-00-37
1.0,113.33616526029371,23.16417244305223,2018-10-05-16-00-37
1.0,113.33741281722506,23.164170154683408,2018-10-05-16-00-37
1.0,113.32493793791649,23.16444350654481,2018-10-05-16-00-37
2.0,113.32518742456251,23.16444302972021,2018-10-05-16-00-37
2.0,113.325436911427,23.164442553018922,2018-10-05-16-00-37
1.0,113.32618537346495,23.16444112377861,2018-10-05-16-00-37
2.0,113.3276823052471,23.164438270296483,2018-10-05-16-00-37
1.0,113.33416919337195,23.164426042200393,2018-10-05-16-00-37
1.0,113.33441869701687,23.164425578166536,2018-10-05-16-00-37
2.0,113.33516721228321,23.164424189592577,2018-10-05-16-00-37
1.0,113.33541671886015,23.16442372795127,2018-10-05-16-00-37
1.0,113.3359157343256,23.16442280656701,2018-10-05-16-00-37
2.0,113.3364147529615,23.1644218877953,2018-10-05-16-00-37
1.0,113.337163287091,23.16442051474955,2018-10-05-16-00-37
1.0,113.32493792090807,23.164693410380238,2018-10-05-16-00-37
1.0,113.32568638151187,23.16469198028863,2018-10-05-16-00-37
1.0,113.32718330970215,23.164689124436322,2018-10-05-16-00-37
2.0,113.32743279879536,23.16468864916659,2018-10-05-16-00-37
2.0,113.32768228822759,23.164688174131452,2018-10-05-16-00-37
2.0,113.32793177801224,23.164687699343272,2018-10-05-16-00-37
2.0,113.33217317125124,23.16467967770484,2018-10-05-16-00-37
1.0,113.33491768941084,23.164674555684147,2018-10-05-16-00-37
2.0,113.33516719523388,23.164674093426303,2018-10-05-16-00-37
4.0,113.33541670180979,23.16467363178495,2018-10-05-16-00-37
1.0,113.33566620915188,23.164673170772314,2018-10-05-16-00-37
1.0,113.33591571727335,23.16467271040061,2018-10-05-16-00-37
2.0,113.3369137578173,23.164670875567086,2018-10-05-16-00-37
3.0,113.33716327003387,23.164670418582936,2018-10-05-16-00-37
1.0,113.32518739054356,23.164942837428327,2018-10-05-16-00-37
1.0,113.32793176099156,23.164937603215552,2018-10-05-16-00-37
1.0,113.33391965633786,23.164926314506985,2018-10-05-16-00-37
1.0,113.33416915928095,23.16492584990553,2018-10-05-16-00-37
2.0,113.33441866292387,23.16492538587159,2018-10-05-16-00-37
3.0,113.33541668475931,23.164923535655983,2018-10-05-16-00-37
3.0,113.3356661921004,23.16492307464331,2018-10-05-16-00-37
1.0,113.33741276605076,23.1649198661835,2018-10-05-16-00-37
1.0,113.32543686039529,23.16519226463707,2018-10-05-16-00-37
1.0,113.32643481029324,23.16519035931186,2018-10-05-16-00-37
1.0,113.32818123411914,23.165187032596307,2018-10-05-16-00-37
1.0,113.33117514931116,23.165181362975392,2018-10-05-16-00-37
1.0,113.33491765531359,23.1651743634638,2018-10-05-16-00-37
2.0,113.33516716113468,23.16517390120587,2018-10-05-16-00-37
1.0,113.33541666770867,23.165173439564427,2018-10-05-16-00-37
1.0,113.33791177776709,23.165168859741787,2018-10-05-16-00-37
2.0,113.32643479327828,23.165440263259274,2018-10-05-16-00-37
1.0,113.3266842814318,23.165439787359844,2018-10-05-16-00-37
1.0,113.32768223716808,23.165437885860715,2018-10-05-16-00-37
1.0,113.33117513227712,23.16543126692201,2018-10-05-16-00-37
2.0,113.33317111749064,23.16542751944886,2018-10-05-16-00-37
2.0,113.3354166506578,23.16542334351034,2018-10-05-16-00-37
2.0,113.32643477626316,23.1656901672442,2018-10-05-16-00-37
1.0,113.32668426441566,23.165689691344728,2018-10-05-16-00-37
2.0,113.32693375286699,23.165689215642747,2018-10-05-16-00-37
1.0,113.33441861178312,23.16567509770988,2018-10-05-16-00-37
1.0,113.33466811613623,23.165674634255584,2018-10-05-16-00-37
2.0,113.33541663360684,23.165673247493768,2018-10-05-16-00-37
1.0,113.335666140945,23.16567278648097,2018-10-05-16-00-37
1.0,113.32493783586371,23.16594293011879,2018-10-05-16-00-37
2.0,113.32543680936205,23.165941976592407,2018-10-05-16-00-37
1.0,113.32668424739937,23.165939595367192,2018-10-05-16-00-37
1.0,113.32693373584969,23.16593911966517,2018-10-05-16-00-37
1.0,113.33167409100164,23.16593013529349,2018-10-05-16-00-37
1.0,113.33192358824141,23.165929666136993,2018-10-05-16-00-37
1.0,113.33441859473587,23.165925001731054,2018-10-05-16-00-37
1.0,113.33516710998458,23.16592361315634,2018-10-05-16-00-37
1.0,113.33541661655565,23.165923151514782,2018-10-05-16-00-37
1.0,113.33566612389284,23.165922690501944,2018-10-05-16-00-37
1.0,113.33791172658505,23.165918571690888,2018-10-05-16-00-37
1.0,113.32543679235063,23.1661918806527,2018-10-05-16-00-37
1.0,113.32568627943985,23.16619140408681,2018-10-05-16-00-37
1.0,113.32693371883221,23.16618902372522,2018-10-05-16-00-37
1.0,113.32768218610704,23.166187597927657,2018-10-05-16-00-37
1.0,113.33441857768848,23.166174905789862,2018-10-05-16-00-37
1.0,113.33516709293427,23.16617351721502,2018-10-05-16-00-37
2.0,113.33566610684055,23.166172594560532,2018-10-05-16-00-37
1.0,113.33766219469804,23.16616893055504,2018-10-05-16-00-37
1.0,113.33791170952404,23.166168475749107,2018-10-05-16-00-37
1.0,113.32593574976069,23.16644083176686,2018-10-05-16-00-37
1.0,113.32693370181455,23.16643892782295,2018-10-05-16-00-37
2.0,113.3276821690864,23.166437502025264,2018-10-05-16-00-37
1.0,113.33466806499105,23.166424346431928,2018-10-05-16-00-37
5.0,113.33491757006756,23.16642388356952,2018-10-05-16-00-37
1.0,113.33516707588372,23.16642342131139,2018-10-05-16-00-37
2.0,113.33566608978808,23.166422498656807,2018-10-05-16-00-37
1.0,113.33591559790271,23.166422038284818,2018-10-05-16-00-37
2.0,113.33716315062931,23.166419746465678,2018-10-05-16-00-37
2.0,113.33741266369768,23.16641929019525,2018-10-05-16-00-37
1.0,113.32518727147199,23.166692165588053,2018-10-05-16-00-37
1.0,113.32768215206556,23.16668740616061,2018-10-05-16-00-37
1.0,113.33416903995709,23.16667517805481,2018-10-05-16-00-37
2.0,113.33441854359312,23.166674714020576,2018-10-05-16-00-37
2.0,113.3346680479423,23.166674250566114,2018-10-05-16-00-37
1.0,113.33491755301785,23.166673787703672,2018-10-05-16-00-37
2.0,113.33516705883305,23.16667332544549,2018-10-05-16-00-37
2.0,113.33541656540119,23.166672863803807,2018-10-05-16-00-37
2.0,113.33566607273545,23.166672402790837,2018-10-05-16-00-37
1.0,113.33591558084909,23.166671942418798,2018-10-05-16-00-37
1.0,113.33616508975537,23.166671482699893,2018-10-05-16-00-37
2.0,113.33741264663828,23.16666919432897,2018-10-05-16-00-37
1.0,113.33766216057744,23.166668738784665,2018-10-05-16-00-37
2.0,113.3251872544611,23.16694206976161,2018-10-05-16-00-37
1.0,113.32543674131544,23.16694159305992,2018-10-05-16-00-37
1.0,113.3266841793325,23.166939211833878,2018-10-05-16-00-37
1.0,113.32892958771471,23.16693493910785,2018-10-05-16-00-37
4.0,113.33416902291016,23.16692508222688,2018-10-05-16-00-37
2.0,113.33441852654522,23.166924618192603,2018-10-05-16-00-37
3.0,113.3346680308934,23.166924154738094,2018-10-05-16-00-37
2.0,113.33491753596796,23.16692369187561,2018-10-05-16-00-37
2.0,113.33516704178221,23.166923229617392,2018-10-05-16-00-37
1.0,113.33541654834934,23.16692276797566,2018-10-05-16-00-37
2.0,113.33591556379533,23.166921846590572,2018-10-05-16-00-37
1.0,113.33716311651224,23.166919554771013,2018-10-05-16-00-37
1.0,113.32493775081514,23.167192450798076,2018-10-05-16-00-37
1.0,113.32568621138851,23.167191020705232,2018-10-05-16-00-37
1.0,113.32668416231537,23.16718911604504,2018-10-05-16-00-37
1.0,113.32718313951813,23.167188164850444,2018-10-05-16-00-37
1.0,113.33416900586306,23.167174986436788,2018-10-05-16-00-37
2.0,113.33441850949714,23.16717452240247,2018-10-05-16-00-37
2.0,113.33466801384435,23.16717405894792,2018-10-05-16-00-37
1.0,113.33516702473118,23.167173133827127,2018-10-05-16-00-37
2.0,113.33566603862964,23.16717221117231,2018-10-05-16-00-37
1.0,113.33741261251892,23.167169002709866,2018-10-05-16-00-37
7.0,113.32543670729113,23.167441401520552,2018-10-05-16-00-37
1.0,113.3274326115809,23.167437593829234,2018-10-05-16-00-37
1.0,113.32967803018411,23.16743332843791,2018-10-05-16-00-37
1.0,113.33391948588249,23.16742535528648,2018-10-05-16-00-37
2.0,113.3341689888158,23.167424890684604,2018-10-05-16-00-37
4.0,113.33441849244889,23.167424426650246,2018-10-05-16-00-37
2.0,113.32543669027872,23.16769130580777,2018-10-05-16-00-37
1.0,113.32568617736185,23.167690829241643,2018-10-05-16-00-37
1.0,113.32818106389145,23.167686073762464,2018-10-05-16-00-37
1.0,113.33391946883606,23.16767525957229,2018-10-05-16-00-37
2.0,113.33416897176836,23.167674794970374,2018-10-05-16-00-37
2.0,113.33441847540048,23.167674330935977,2018-10-05-16-00-37
2.0,113.33466797974572,23.16767386748135,2018-10-05-16-00-37
2.0,113.33491748481735,23.16767340461874,2018-10-05-16-00-37
1.0,113.32518718641586,23.16794168683487,2018-10-05-16-00-37
1.0,113.32568616034828,23.167940733566837,2018-10-05-16-00-37
1.0,113.32942850351112,23.167933609762805,2018-10-05-16-00-37
1.0,113.33566598746971,23.16792192402893,2018-10-05-16-00-37
1.0,113.32543665625342,23.16819111449632,2018-10-05-16-00-37
1.0,113.32568614333452,23.168190637930103,2018-10-05-16-00-37
1.0,113.32868001126776,23.16818493421864,2018-10-05-16-00-37
2.0,113.33042645974442,23.16818162539438,2018-10-05-16-00-37
1.0,113.33591547852392,23.16817136801825,2018-10-05-16-00-37
1.0,113.33616498742435,23.168170908299103,2018-10-05-16-00-37
1.0,113.33641449713065,23.16817044924528,2018-10-05-16-00-37
1.0,113.33666400765598,23.168169990868982,2018-10-05-16-00-37
1.0,113.32593561364591,23.168440065913266,2018-10-05-16-00-37
2.0,113.33042644271131,23.168431529794983,2018-10-05-16-00-37
4.0,113.3306759372418,23.168431058538534,2018-10-05-16-00-37
1.0,113.3309254322854,23.168430587677324,2018-10-05-16-00-37
2.0,113.3349174336652,23.16842311770398,2018-10-05-16-00-37
1.0,113.33541644603486,23.16842219380353,2018-10-05-16-00-37
1.0,113.33566595336228,23.168421732790264,2018-10-05-16-00-37
1.0,113.33591546146911,23.16842127241793,2018-10-05-16-00-37
1.0,113.3361649703686,23.168420812698738,2018-10-05-16-00-37
2.0,113.33641448007393,23.168420353644887,2018-10-05-16-00-37
2.0,113.33666399059828,23.168419895268546,2018-10-05-16-00-37
1.0,113.33716301415696,23.16841898059712,2018-10-05-16-00-37
1.0,113.3256861093065,23.16869044677105,2018-10-05-16-00-37
1.0,113.33416890357695,23.168674412494145,2018-10-05-16-00-37
2.0,113.33441840720512,23.168673948459574,2018-10-05-16-00-37
3.0,113.33466791154646,23.16867348500478,2018-10-05-16-00-37
1.0,113.33516692242155,23.16867255988349,2018-10-05-16-00-37
3.0,113.33541642898184,23.16867209824147,2018-10-05-16-00-37
1.0,113.33566593630829,23.168671637228165,2018-10-05-16-00-37
2.0,113.3359154444142,23.16867117685579,2018-10-05-16-00-37
1.0,113.33616495331269,23.16867071713656,2018-10-05-16-00-37
2.0,113.33666397354042,23.168669799706283,2018-10-05-16-00-37
1.0,113.33691348489607,23.16866934201959,2018-10-05-16-00-37
1.0,113.32518711836796,23.16894130451721,2018-10-05-16-00-37
1.0,113.3254366052142,23.168940827815188,2018-10-05-16-00-37
1.0,113.32568609229229,23.168940351248846,2018-10-05-16-00-37
1.0,113.33117489378292,23.16892992613923,2018-10-05-16-00-37
2.0,113.33416888652869,23.16892431697053,2018-10-05-16-00-37
2.0,113.33441839015588,23.16892385293592,2018-10-05-16-00-37
1.0,113.33691346783706,23.16891924649552,2018-10-05-16-00-37
1.0,113.3371629800372,23.168918789510652,2018-10-05-16-00-37
1.0,113.32518710135557,23.16919120903338,2018-10-05-16-00-37
1.0,113.3254365882008,23.16919073233131,2018-10-05-16-00-37
1.0,113.32618505018101,23.16918930308864,2018-10-05-16-00-37
1.0,113.32693351460951,23.169187875400855,2018-10-05-16-00-37
1.0,113.32942841836508,23.1691831319578,2018-10-05-16-00-37
1.0,113.33117487674637,23.169179830654397,2018-10-05-16-00-37
1.0,113.33142437285335,23.16917936062055,2018-10-05-16-00-37
1.0,113.33516688831699,23.16917236887421,2018-10-05-16-00-37
1.0,113.33591541030377,23.169170985846268,2018-10-05-16-00-37
2.0,113.33716296297706,23.169168694024826,2018-10-05-16-00-37
1.0,113.33067586910393,23.16943067652308,2018-10-05-16-00-37
1.0,113.33142435581566,23.169429265174013,2018-10-05-16-00-37
1.0,113.33541637782184,23.16942181178491,2018-10-05-16-00-37
2.0,113.33566588514536,23.16942135077148,2018-10-05-16-00-37
1.0,113.33666392236584,23.169419513249093,2018-10-05-16-00-37
1.0,113.33691343371856,23.169419055562283,2018-10-05-16-00-37
1.0,113.33766197290213,23.169417686761623,2018-10-05-16-00-37
1.0,113.32643450399857,23.16968863615045,2018-10-05-16-00-37
1.0,113.33741244191212,23.169668046897254,2018-10-05-16-00-37
1.0,113.33142432173972,23.16992907439619,2018-10-05-16-00-37
1.0,113.33167381839701,23.16992860479446,2018-10-05-16-00-37
2.0,113.33192331562084,23.1699281356373,2018-10-05-16-00-37
1.0,113.33541634371436,23.16992162100575,2018-10-05-16-00-37
1.0,113.33142430470151,23.170178979065014,2018-10-05-16-00-37
1.0,113.33167380135778,23.17017850946323,2018-10-05-16-00-37
1.0,113.33292129340514,23.170176168369213,2018-10-05-16-00-37
1.0,113.33317077661584,23.170425606326628,2018-10-05-16-00-37
1.0,113.33342027751756,23.170425140095332,2018-10-05-16-00-37
1.0,113.3349172972522,23.17042235428173,2018-10-05-16-00-37
1.0,113.32743239030148,23.170686352539484,2018-10-05-16-00-37
1.0,113.33092527896244,23.170679729006476,2018-10-05-16-00-37
1.0,113.33117477452356,23.170679258552465,2018-10-05-16-00-37
1.0,113.33217276230057,23.170677381058823,2018-10-05-16-00-37
1.0,113.33317075957035,23.170675511072325,2018-10-05-16-00-37
1.0,113.33716286061278,23.170668121916886,2018-10-05-16-00-37
2.0,113.32793135244523,23.17093530749941,2018-10-05-16-00-37
1.0,113.33042627237161,23.17093057590969,2018-10-05-16-00-37
1.0,113.33067576689209,23.17093010465283,2018-10-05-16-00-37
2.0,113.33092526192571,23.170929633791214,2018-10-05-16-00-37
1.0,113.33117475748585,23.17092916333716,2018-10-05-16-00-37
1.0,113.33267174265181,23.17092634986238,2018-10-05-16-00-37
1.0,113.33416875013651,23.170923554164467,2018-10-05-16-00-37
1.0,113.32693337844769,23.171187112912666,2018-10-05-16-00-37
1.0,113.3279313354204,23.171185212323362,2018-10-05-16-00-37
1.0,113.32818082554468,23.171184737793425,2018-10-05-16-00-37
1.0,113.3366638029526,23.17116884619534,2018-10-05-16-00-37
1.0,113.32743233923298,23.171436067011648,2018-10-05-16-00-37
1.0,113.33242220956612,23.1714266272973,2018-10-05-16-00-37
1.0,113.33267170856394,23.171426159547487,2018-10-05-16-00-37
1.0,113.33366971088832,23.171424293609405,2018-10-05-16-00-37
1.0,113.32942824806042,23.17168217923009,2018-10-05-16-00-37
1.0,113.33366969384019,23.17167419851001,2018-10-05-16-00-37
1.0,113.33741230541465,23.171667285012887,2018-10-05-16-00-37
1.0,113.32593537541942,23.171938731565447,2018-10-05-16-00-37
1.0,113.3266838389582,23.17193730332091,2018-10-05-16-00-37
2.0,113.32718281612257,23.17193635212475,2018-10-05-16-00-37
1.0,113.32743230518648,23.171935876853816,2018-10-05-16-00-37
1.0,113.32793128434488,23.171934927028094,2018-10-05-16-00-37
1.0,113.32892924715895,23.17193303058743,2018-10-05-16-00-37
1.0,113.33317067434037,23.17192503538189,2018-10-05-16-00-37
1.0,113.33342017523614,23.171924569150352,2018-10-05-16-00-37
1.0,113.33441818555187,23.1719227096539,2018-10-05-16-00-37
1.0,113.33791131707451,23.17191627959966,2018-10-05-16-00-37
1.0,113.33841096368836,23.16291881856427,2018-10-05-16-00-37
4.0,113.33965856105188,23.162916563962842,2018-10-05-16-00-37
1.0,113.33990808344113,23.16291611549914,2018-10-05-16-00-37
1.0,113.340157606833,23.16291566788237,2018-10-05-16-00-37
2.0,113.34115571068642,23.16291388612456,2018-10-05-16-00-37
2.0,113.34190429973977,23.16291255928584,2018-10-05-16-00-37
2.0,113.3421538316195,23.162912118875532,2018-10-05-16-00-37
1.0,113.3424033646183,23.16291167941966,2018-10-05-16-00-37
1.0,113.34315197045795,23.16291036689736,2018-10-05-16-00-37
1.0,113.34340150806162,23.162909931377797,2018-10-05-16-00-37
3.0,113.34365104684855,23.16290949687185,2018-10-05-16-00-37
2.0,113.34015758976541,23.16316557149227,2018-10-05-16-00-37
2.0,113.34040711417192,23.163165124734412,2018-10-05-16-00-37
1.0,113.34065663960706,23.163164678847476,2018-10-05-16-00-37
1.0,113.3419042826656,23.16316246289545,2018-10-05-16-00-37
2.0,113.3424033475423,23.163161583029183,2018-10-05-16-00-37
1.0,113.34315195337915,23.163160270506754,2018-10-05-16-00-37
1.0,113.34365102976791,23.163159400481163,2018-10-05-16-00-37
1.0,113.33915948510132,23.163417270640146,2018-10-05-16-00-37
1.0,113.33940900552255,23.163416820518552,2018-10-05-16-00-37
2.0,113.34065662253742,23.163414582494315,2018-10-05-16-00-37
1.0,113.3409061490132,23.16341413749025,2018-10-05-16-00-37
2.0,113.34140520514141,23.163413250178674,2018-10-05-16-00-37
1.0,113.34165473481968,23.16341280789505,2018-10-05-16-00-37
3.0,113.34215379746914,23.163411926131683,2018-10-05-16-00-37
1.0,113.34240333046611,23.16341148667573,2018-10-05-16-00-37
1.0,113.34265286459505,23.163411048186106,2018-10-05-16-00-37
1.0,113.34464917991475,23.1634075764749,2018-10-05-16-00-37
1.0,113.33841091250507,23.163668529506,2018-10-05-16-00-37
1.0,113.34140518806879,23.16366315386248,2018-10-05-16-00-37
2.0,113.34240331338975,23.163661390359373,2018-10-05-16-00-37
1.0,113.34265284751778,23.163660951869694,2018-10-05-16-00-37
2.0,113.34290238279058,23.16366051435818,2018-10-05-16-00-37
1.0,113.33866041301168,23.163917980709442,2018-10-05-16-00-37
2.0,113.34215376331814,23.16391173353617,2018-10-05-16-00-37
1.0,113.34439960210176,23.163907814212546,2018-10-05-16-00-37
1.0,113.34564733291529,23.163905673382665,2018-10-05-16-00-37
2.0,113.34689509616292,23.163903560526247,2018-10-05-16-00-37
1.0,113.34165468359848,23.16416251905778,2018-10-05-16-00-37
1.0,113.3421537462424,23.16416163729416,2018-10-05-16-00-37
2.0,113.34240327923658,23.16416119783809,2018-10-05-16-00-37
1.0,113.34265281336272,23.16416075934833,2018-10-05-16-00-37
1.0,113.34365096144377,23.16415901528921,2018-10-05-16-00-37
1.0,113.34415004260916,23.16415814936485,2018-10-05-16-00-37
1.0,113.34764375323664,23.164152210598782,2018-10-05-16-00-37
1.0,113.34215372916648,23.16441154108941,2018-10-05-16-00-37
1.0,113.34265279628497,23.16441066314348,2018-10-05-16-00-37
1.0,113.34315186798273,23.164409789110216,2018-10-05-16-00-37
1.0,113.34365094436231,23.164408919084202,2018-10-05-16-00-37
1.0,113.34415002552588,23.16440805315975,2018-10-05-16-00-37
1.0,113.3381613276174,23.164668597907877,2018-10-05-16-00-37
1.0,113.34165464945022,23.16466232668574,2018-10-05-16-00-37
1.0,113.3434013885002,23.164659257422727,2018-10-05-16-00-37
2.0,113.34415000844244,23.16465795699196,2018-10-05-16-00-37
1.0,113.33816131055626,23.16491850177845,2018-10-05-16-00-37
1.0,113.33990794690331,23.16491534541851,2018-10-05-16-00-37
1.0,113.34190416314185,23.164911789202502,2018-10-05-16-00-37
1.0,113.34439953376464,23.16490742946669,2018-10-05-16-00-37
1.0,113.338410810134,23.16516795239361,2018-10-05-16-00-37
1.0,113.34140508562952,23.165162576747047,2018-10-05-16-00-37
1.0,113.34414997427506,23.165157764768487,2018-10-05-16-00-37
1.0,113.33841079307152,23.165417856339012,2018-10-05-16-00-37
2.0,113.33841077600893,23.165667760321945,2018-10-05-16-00-37
1.0,113.34065646890312,23.165663716991148,2018-10-05-16-00-37
1.0,113.34090599537045,23.165663271986705,2018-10-05-16-00-37
2.0,113.33816124231001,23.165918117635407,2018-10-05-16-00-37
1.0,113.33841075894615,23.16591766434245,2018-10-05-16-00-37
2.0,113.34464900906126,23.16590661498505,2018-10-05-16-00-37
8.0,113.33816122524804,23.166168021693586,2018-10-05-16-00-37
1.0,113.33841074188324,23.16616756840059,2018-10-05-16-00-37
1.0,113.34165454700137,23.166161750467896,2018-10-05-16-00-37
1.0,113.33816120818592,23.166417925789442,2018-10-05-16-00-37
1.0,113.33890976087446,23.16641656824627,2018-10-05-16-00-37
1.0,113.33940880073057,23.166415667191238,2018-10-05-16-00-37
1.0,113.33990784449293,23.16641476942773,2018-10-05-16-00-37
1.0,113.34140500025889,23.166412096847306,2018-10-05-16-00-37
1.0,113.33940878366349,23.16666557132463,2018-10-05-16-00-37
2.0,113.33990782742391,23.16666467356104,2018-10-05-16-00-37
1.0,113.34714446480072,23.166652084825373,2018-10-05-16-00-37
2.0,113.33915924618832,23.166915925618,2018-10-05-16-00-37
1.0,113.33940876659622,23.16691547549581,2018-10-05-16-00-37
1.0,113.33965828798071,23.166915026196516,2018-10-05-16-00-37
1.0,113.34414985468386,23.16690709316937,2018-10-05-16-00-37
1.0,113.33965827091231,23.1671649304055,2018-10-05-16-00-37
1.0,113.33990779328545,23.16716448194108,2018-10-05-16-00-37
1.0,113.34140493195936,23.167411713606487,2018-10-05-16-00-37
1.0,113.34140491488407,23.16766161789105,2018-10-05-16-00-37
1.0,113.34464888945381,23.167655944177863,2018-10-05-16-00-37
1.0,113.34714437932043,23.167901606053718,2018-10-05-16-00-37
2.0,113.33890964141467,23.16816589797617,2018-10-05-16-00-37
1.0,113.33915916085431,23.16816544704295,2018-10-05-16-00-37
1.0,113.34040677276616,23.168163204780086,2018-10-05-16-00-37
1.0,113.34015723130743,23.16841355593777,2018-10-05-16-00-37
1.0,113.34040675569412,23.168413109179014,2018-10-05-16-00-37
1.0,113.34090580756649,23.16841221828628,2018-10-05-16-00-37
1.0,113.34115531800302,23.16866167861321,2018-10-05-16-00-37
1.0,113.34140484658121,23.168661235409946,2018-10-05-16-00-37
1.0,113.34165437623986,23.168660793125426,2018-10-05-16-00-37
1.0,113.34190390699192,23.16866035177157,2018-10-05-16-00-37
1.0,113.34215343885023,23.168659911360283,2018-10-05-16-00-37
1.0,113.34240297182771,23.168659471903442,2018-10-05-16-00-37
1.0,113.3426525059372,23.168659033412908,2018-10-05-16-00-37
1.0,113.34290204119156,23.168658595900556,2018-10-05-16-00-37
1.0,113.34040672154951,23.16891291809145,2018-10-05-16-00-37
1.0,113.34190388991392,23.168910256246647,2018-10-05-16-00-37
1.0,113.34240295474785,23.16890937637843,2018-10-05-16-00-37
1.0,113.343151560521,23.168908063853067,2018-10-05-16-00-37
1.0,113.34439926038944,23.168905896504025,2018-10-05-16-00-37
4.0,113.34015718009312,23.16916326936396,2018-10-05-16-00-37
1.0,113.34040670447699,23.169162822605077,2018-10-05-16-00-37
3.0,113.3406562298895,23.169162376717125,2018-10-05-16-00-37
1.0,113.34090575634369,23.16916193171209,2018-10-05-16-00-37
1.0,113.34115528385244,23.169161487601915,2018-10-05-16-00-37
1.0,113.34140481242878,23.16916104439856,2018-10-05-16-00-37
1.0,113.3426524717755,23.16915884240111,2018-10-05-16-00-37
1.0,113.34464878692663,23.16915537068205,2018-10-05-16-00-37
1.0,113.3458965240063,23.16915323532607,2018-10-05-16-00-37
1.0,113.34714429383592,23.169151128233754,2018-10-05-16-00-37
1.0,113.33990763965409,23.169413621533824,2018-10-05-16-00-37
2.0,113.34040668740428,23.169412727157034,2018-10-05-16-00-37
1.0,113.34065621281587,23.169412281269047,2018-10-05-16-00-37
1.0,113.34090573926909,23.16941183626396,2018-10-05-16-00-37
1.0,113.34414968382508,23.16940613696384,2018-10-05-16-00-37
1.0,113.3446487698382,23.169405275233288,2018-10-05-16-00-37
1.0,113.34639561082554,23.169402293567313,2018-10-05-16-00-37
1.0,113.34739383477144,23.16940061488494,2018-10-05-16-00-37
1.0,113.3381609863628,23.16966668248981,2018-10-05-16-00-37
1.0,113.33965810021942,23.16966397458911,2018-10-05-16-00-37
2.0,113.34065619574206,23.169662185859355,2018-10-05-16-00-37
1.0,113.34290197286371,23.16965821403013,2018-10-05-16-00-37
1.0,113.34539739115006,23.169653895298694,2018-10-05-16-00-37
1.0,113.34689470298154,23.169651356461745,2018-10-05-16-00-37
2.0,113.34714425964096,23.169650937373763,2018-10-05-16-00-37
1.0,113.347393817673,23.1696505194741,2018-10-05-16-00-37
1.0,113.3389095219467,23.169915229574052,2018-10-05-16-00-37
1.0,113.34015712887731,23.169912983135205,2018-10-05-16-00-37
2.0,113.34040665325834,23.1699125363762,2018-10-05-16-00-37
1.0,113.34065617866806,23.16991209048812,2018-10-05-16-00-37
1.0,113.34639557663557,23.16990210278443,2018-10-05-16-00-37
1.0,113.34689468588469,23.16990126108944,2018-10-05-16-00-37
1.0,113.34714424254322,23.16990084200141,2018-10-05-16-00-37
1.0,113.3473938005744,23.16990042410171,2018-10-05-16-00-37
1.0,113.34040663618514,23.170162441043505,2018-10-05-16-00-37
1.0,113.34065616159391,23.170161995155386,2018-10-05-16-00-37
1.0,113.3409056880443,23.170161550150176,2018-10-05-16-00-37
1.0,113.34265240344999,23.170158460838014,2018-10-05-16-00-37
1.0,113.34614600692561,23.17015243003464,2018-10-05-16-00-37
1.0,113.3471442254453,23.17015074666757,2018-10-05-16-00-37
1.0,113.33816093516886,23.17041639649293,2018-10-05-16-00-37
1.0,113.33890948781149,23.170415038947734,2018-10-05-16-00-37
1.0,113.34015709473259,23.170412792508465,2018-10-05-16-00-37
1.0,113.34290192161608,23.17040792803084,2018-10-05-16-00-37
1.0,113.34664509639387,23.170401490725325,2018-10-05-16-00-37
1.0,113.34689465169048,23.1704010704604,2018-10-05-16-00-37
1.0,113.34764332579113,23.17039981677252,2018-10-05-16-00-37
1.0,113.34015707766001,23.17066269725299,2018-10-05-16-00-37
1.0,113.34040660203821,23.17066225049385,2018-10-05-16-00-37
1.0,113.34439914077431,23.170655228901662,2018-10-05-16-00-37
1.0,113.3458964214461,23.170652663209214,2018-10-05-16-00-37
1.0,113.34739374927751,23.17065013821578,2018-10-05-16-00-37
1.0,113.34040658496448,23.170912155276998,2018-10-05-16-00-37
2.0,113.34514775829388,23.170903845907198,2018-10-05-16-00-37
1.0,113.34664506220078,23.170901300250826,2018-10-05-16-00-37
2.0,113.3471441741506,23.170900460897602,2018-10-05-16-00-37
1.0,113.34040656789058,23.17116206009886,2018-10-05-16-00-37
1.0,113.34065609329559,23.171161614210575,2018-10-05-16-00-37
1.0,113.34090561974224,23.1711611692052,2018-10-05-16-00-37
1.0,113.34140467581233,23.171160281890998,2018-10-05-16-00-37
1.0,113.34290187036693,23.171157642379054,2018-10-05-16-00-37
1.0,113.34315140676979,23.171157205856275,2018-10-05-16-00-37
1.0,113.34340094434313,23.1711567703353,2018-10-05-16-00-37
1.0,113.34390002305248,23.171155902346,2018-10-05-16-00-37
1.0,113.34414956421398,23.171155469901205,2018-10-05-16-00-37
1.0,113.34464865021437,23.171154608170056,2018-10-05-16-00-37
1.0,113.34514774120248,23.171153750728248,2018-10-05-16-00-37
1.0,113.345896387258,23.171152472812363,2018-10-05-16-00-37
1.0,113.34614593854653,23.17115204908608,2018-10-05-16-00-37
1.0,113.34639549115765,23.171151626501974,2018-10-05-16-00-37
1.0,113.34664504510395,23.171151205071627,2018-10-05-16-00-37
2.0,113.34714415705204,23.171150365718322,2018-10-05-16-00-37
1.0,113.34739371507878,23.1711499478184,2018-10-05-16-00-37
1.0,113.34015702644119,23.17141241171877,2018-10-05-16-00-37
1.0,113.34040655081655,23.17141196495951,2018-10-05-16-00-37
1.0,113.34065607622058,23.171411519071174,2018-10-05-16-00-37
1.0,113.34090560266633,23.171411074065762,2018-10-05-16-00-37
1.0,113.34115513016664,23.17141062995521,2018-10-05-16-00-37
1.0,113.34140465873452,23.171410186751476,2018-10-05-16-00-37
1.0,113.34290185328356,23.17140754723928,2018-10-05-16-00-37
2.0,113.34340092725787,23.171406675195442,2018-10-05-16-00-37
1.0,113.34365046601364,23.171406240688054,2018-10-05-16-00-37
1.0,113.34439908950816,23.171404943365282,2018-10-05-16-00-37
1.0,113.34464863312456,23.17140451302998,2018-10-05-16-00-37
2.0,113.34489817798791,23.171404083767023,2018-10-05-16-00-37
1.0,113.34514772411087,23.171403655588087,2018-10-05-16-00-37
1.0,113.34639547406158,23.171401531361603,2018-10-05-16-00-37
1.0,113.34739369797916,23.17139985267785,2018-10-05-16-00-37
1.0,113.34040653374231,23.17166186985898,2018-10-05-16-00-37
1.0,113.341654171304,23.17165964936575,2018-10-05-16-00-37
1.0,113.342153233892,23.171658767599578,2018-10-05-16-00-37
1.0,113.34290183620001,23.17165745213833,2018-10-05-16-00-37
1.0,113.3434009101725,23.171656580094403,2018-10-05-16-00-37
1.0,113.3438999888782,23.17165571210493,2018-10-05-16-00-37
1.0,113.34414953003788,23.171655279660047,2018-10-05-16-00-37
1.0,113.34539725441341,23.17165313340348,2018-10-05-16-00-37
1.0,113.34714412285436,23.171650175476127,2018-10-05-16-00-37
2.0,113.34764324028944,23.17164934087593,2018-10-05-16-00-37
1.0,113.33890938540183,23.171914467997226,2018-10-05-16-00-37
2.0,113.34165415422493,23.171909554303888,2018-10-05-16-00-37
1.0,113.34190368496485,23.17190911294949,2018-10-05-16-00-37
2.0,113.34215321681108,23.171908672537647,2018-10-05-16-00-37
1.0,113.34340089308695,23.17190648503225,2018-10-05-16-00-37
1.0,113.34365043184084,23.17190605052477,2018-10-05-16-00-37
1.0,113.34439905532992,23.17190475320175,2018-10-05-16-00-37
1.0,113.3458963359746,23.171902187508017,2018-10-05-16-00-37
1.0,113.34739366377941,23.17189966251329,2018-10-05-16-00-37
1.0,113.35737795257877,23.16163797904355,2018-10-05-16-00-37
1.0,113.35038907040159,23.16314809455669,2018-10-05-16-00-37
1.0,113.35313450457005,23.163143754924302,2018-10-05-16-00-37
1.0,113.35013947780868,23.163398400951284,2018-10-05-16-00-37
1.0,113.35113778900451,23.163396798013224,2018-10-05-16-00-37
1.0,113.35163695396594,23.16339600471528,2018-10-05-16-00-37
1.0,113.352136125298,23.163395216983147,2018-10-05-16-00-37
1.0,113.35288489445021,23.163394046013824,2018-10-05-16-00-37
3.0,113.35313448745626,23.16339365856898,2018-10-05-16-00-37
1.0,113.35662896959327,23.16338839227655,2018-10-05-16-00-37
1.0,113.35038903619215,23.16364790188411,2018-10-05-16-00-37
1.0,113.35163693685692,23.16364590839732,2018-10-05-16-00-37
1.0,113.35388325938965,23.163642408703698,2018-10-05-16-00-37
2.0,113.35463204661215,23.163891172284387,2018-10-05-16-00-37
13.0,113.35488165151176,23.16389079526849,2018-10-05-16-00-37
1.0,113.35513125815737,23.16389041978555,2018-10-05-16-00-37
1.0,113.35113773768202,23.16414650917105,2018-10-05-16-00-37
1.0,113.35288484311032,23.164143757170724,2018-10-05-16-00-37
3.0,113.35313443611393,23.164143369725753,2018-10-05-16-00-37
1.0,113.35338403078163,23.164142983738127,2018-10-05-16-00-37
1.0,113.35388322515641,23.16414221617843,2018-10-05-16-00-37
1.0,113.35413282488695,23.16414183462805,2018-10-05-16-00-37
16.0,113.35488163439186,23.164140699024273,2018-10-05-16-00-37
1.0,113.35513124103669,23.164140323541282,2018-10-05-16-00-37
1.0,113.34789329697382,23.16440169890541,2018-10-05-16-00-37
2.0,113.35338401366636,23.164392887531427,2018-10-05-16-00-37
1.0,113.35363361000911,23.16439250301199,2018-10-05-16-00-37
1.0,113.35388320803952,23.16439211997164,2018-10-05-16-00-37
1.0,113.3541328077693,23.164391738421216,2018-10-05-16-00-37
1.0,113.35687852028057,23.16438764276924,2018-10-05-16-00-37
1.0,113.35113770346621,23.164646316795732,2018-10-05-16-00-37
1.0,113.35338399655092,23.164642791362024,2018-10-05-16-00-37
1.0,113.35363359289288,23.164642406842546,2018-10-05-16-00-37
1.0,113.35388319092249,23.16464202380215,2018-10-05-16-00-37
1.0,113.35413279065143,23.164641642251677,2018-10-05-16-00-37
1.0,113.35438239209152,23.16464126220193,2018-10-05-16-00-37
1.0,113.35662888396641,23.164637911054182,2018-10-05-16-00-37
1.0,113.34988980121952,23.164898227677487,2018-10-05-16-00-37
1.0,113.35163685130941,23.164895427365607,2018-10-05-16-00-37
1.0,113.35388317380527,23.164891927670013,2018-10-05-16-00-37
1.0,113.35163683419941,23.165145331271287,2018-10-05-16-00-37
2.0,113.35213600551985,23.16514454353853,2018-10-05-16-00-37
2.0,113.352385593599,23.165144151786933,2018-10-05-16-00-37
1.0,113.35263518330669,23.165143761459866,2018-10-05-16-00-37
2.0,113.35288477465478,23.165143372568284,2018-10-05-16-00-37
1.0,113.35313436765513,23.16514298512314,2018-10-05-16-00-37
1.0,113.35413275641524,23.165141450024727,2018-10-05-16-00-37
1.0,113.3543823578537,23.16514106997489,2018-10-05-16-00-37
1.0,113.35163681708923,23.165395235214426,2018-10-05-16-00-37
1.0,113.35188640194627,23.165394840646748,2018-10-05-16-00-37
1.0,113.35213598840801,23.165394447481578,2018-10-05-16-00-37
1.0,113.35238557648636,23.16539405572994,2018-10-05-16-00-37
1.0,113.35263516619322,23.16539366540282,2018-10-05-16-00-37
1.0,113.3528847575405,23.165393276511203,2018-10-05-16-00-37
1.0,113.3556303739967,23.16538909655489,2018-10-05-16-00-37
1.0,113.35138721671535,23.16564553515425,2018-10-05-16-00-37
1.0,113.35238555937352,23.165643959710458,2018-10-05-16-00-37
1.0,113.35288472331136,23.165893084509648,2018-10-05-16-00-37
1.0,113.35238552514735,23.16614376778429,2018-10-05-16-00-37
1.0,113.35288470619658,23.166142988565287,2018-10-05-16-00-37
2.0,113.35662878120858,23.166137334820675,2018-10-05-16-00-37
1.0,113.35687840039165,23.16613697036543,2018-10-05-16-00-37
1.0,113.35712802141244,23.16613660752775,2018-10-05-16-00-37
1.0,113.35737764428222,23.16613624631809,2018-10-05-16-00-37
1.0,113.3481427224301,23.1664005163416,2018-10-05-16-00-37
1.0,113.35388307109848,23.16639135166473,2018-10-05-16-00-37
2.0,113.35488148030514,23.16638983450897,2018-10-05-16-00-37
1.0,113.35612953118498,23.16638797263472,2018-10-05-16-00-37
1.0,113.35637914672587,23.166387604975725,2018-10-05-16-00-37
1.0,113.35662876408172,23.166387238913327,2018-10-05-16-00-37
3.0,113.35363345595691,23.166641638836364,2018-10-05-16-00-37
1.0,113.35563028837863,23.166638616830927,2018-10-05-16-00-37
1.0,113.35587990032299,23.166638246010308,2018-10-05-16-00-37
1.0,113.34964009193402,23.166897865365453,2018-10-05-16-00-37
1.0,113.35188629927673,23.166894265095138,2018-10-05-16-00-37
2.0,113.35238547380688,23.1668934801778,2018-10-05-16-00-37
2.0,113.3548814460618,23.16688964280819,2018-10-05-16-00-37
2.0,113.35513105269793,23.166889267324706,2018-10-05-16-00-37
1.0,113.35538066109163,23.166888893384858,2018-10-05-16-00-37
1.0,113.34964007482945,23.16714776957273,2018-10-05-16-00-37
1.0,113.35013922123184,23.16714696010994,2018-10-05-16-00-37
4.0,113.35538062684445,23.16738870183529,2018-10-05-16-00-37
3.0,113.3528846035042,23.167642413692427,2018-10-05-16-00-37
1.0,113.35563021988115,23.167638233731715,2018-10-05-16-00-37
37.0,113.35288458638823,23.167892318013006,2018-10-05-16-00-37
6.0,113.3531341793796,23.167891930567368,2018-10-05-16-00-37
1.0,113.35363335324793,23.168141064417547,2018-10-05-16-00-37
1.0,113.35438215241275,23.168139919775065,2018-10-05-16-00-37
1.0,113.3531341280282,23.168641643757606,2018-10-05-16-00-37
1.0,113.35063825395471,23.16889548645968,2018-10-05-16-00-37
1.0,113.35687821197823,23.16888591746886,2018-10-05-16-00-37
1.0,113.34963993798668,23.169147004600067,2018-10-05-16-00-37
1.0,113.35188614526108,23.169143404326206,2018-10-05-16-00-37
1.0,113.35213573171042,23.169143011160372,2018-10-05-16-00-37
1.0,113.34939034993708,23.16939731584106,2018-10-05-16-00-37
2.0,113.34963992088059,23.169396909150443,2018-10-05-16-00-37
1.0,113.34914076337276,23.169647628411408,2018-10-05-16-00-37
1.0,113.35038862562669,23.16964560152503,2018-10-05-16-00-37
1.0,113.3528844665717,23.169641649326014,2018-10-05-16-00-37
1.0,113.34939031572607,23.169897125057133,2018-10-05-16-00-37
1.0,113.35138692582808,23.16989390861977,2018-10-05-16-00-37
1.0,113.35163650907741,23.16989351265985,2018-10-05-16-00-37
1.0,113.35188609391953,23.169893118091387,2018-10-05-16-00-37
1.0,113.3521356803663,23.16989272492543,2018-10-05-16-00-37
1.0,113.3523852684298,23.169892333173,2018-10-05-16-00-37
1.0,113.3531340424392,23.16989116650668,2018-10-05-16-00-37
1.0,113.35338363708817,23.169890780518042,2018-10-05-16-00-37
1.0,113.35363323341309,23.169890395997637,2018-10-05-16-00-37
1.0,113.35463163570715,23.169888872815033,2018-10-05-16-00-37
1.0,113.3573773873269,23.169884811693443,2018-10-05-16-00-37
1.0,113.34939029862036,23.1701470297229,2018-10-05-16-00-37
1.0,113.34988944199816,23.170146217643534,2018-10-05-16-00-37
4.0,113.35063816840635,23.17014500940293,2018-10-05-16-00-37
1.0,113.35163649196407,23.170143417325214,2018-10-05-16-00-37
1.0,113.3518860768053,23.17014302275671,2018-10-05-16-00-37
1.0,113.35338361996904,23.170140685183107,2018-10-05-16-00-37
1.0,113.35363321629318,23.170140300662645,2018-10-05-16-00-37
2.0,113.353882814305,23.170139917621285,2018-10-05-16-00-37
1.0,113.35488122346372,23.17013840046286,2018-10-05-16-00-37
2.0,113.35563004862571,23.17013727865223,2018-10-05-16-00-37
1.0,113.34789288660306,23.17039940128381,2018-10-05-16-00-37
1.0,113.34814244882489,23.170398987017805,2018-10-05-16-00-37
1.0,113.34889114407326,23.17039775167011,2018-10-05-16-00-37
1.0,113.34939028151443,23.170396934427227,2018-10-05-16-00-37
1.0,113.34988942489052,23.17039612234777,2018-10-05-16-00-37
1.0,113.35113730993594,23.17039411532955,2018-10-05-16-00-37
1.0,113.35138689160286,23.17039371798916,2018-10-05-16-00-37
1.0,113.35163647485054,23.17039332202915,2018-10-05-16-00-37
2.0,113.35188605969095,23.170392927460604,2018-10-05-16-00-37
2.0,113.35238523419793,23.170392142542035,2018-10-05-16-00-37
5.0,113.3531340082024,23.170390975875453,2018-10-05-16-00-37
23.0,113.35338360284977,23.170390589886733,2018-10-05-16-00-37
7.0,113.35363319917307,23.17039020536623,2018-10-05-16-00-37
1.0,113.35438199831621,23.170389060722552,2018-10-05-16-00-37
1.0,113.35463160146071,23.17038868218327,2018-10-05-16-00-37
1.0,113.35563003149923,23.17038718335545,2018-10-05-16-00-37
1.0,113.34839199536634,23.17064847872904,2018-10-05-16-00-37
1.0,113.34889112696892,23.170647656413134,2018-10-05-16-00-37
2.0,113.34988940778273,23.170646027090623,2018-10-05-16-00-37
1.0,113.35238521708176,23.17064204728445,2018-10-05-16-00-37
2.0,113.35313399108378,23.170640880617732,2018-10-05-16-00-37
6.0,113.3533835857303,23.17064049462896,2018-10-05-16-00-37
2.0,113.3536331820528,23.17064011010843,2018-10-05-16-00-37
1.0,113.35438198119353,23.17063896546461,2018-10-05-16-00-37
1.0,113.35488118921535,23.17063820990819,2018-10-05-16-00-37
1.0,113.3491406778475,23.170897151933517,2018-10-05-16-00-37
1.0,113.34939024730213,23.170896743951765,2018-10-05-16-00-37
1.0,113.35038854008008,23.17089512504605,2018-10-05-16-00-37
1.0,113.35188602546174,23.170892736984268,2018-10-05-16-00-37
1.0,113.35438196407068,23.170888870245328,2018-10-05-16-00-37
1.0,113.34864152623669,23.171147876544836,2018-10-05-16-00-37
1.0,113.34914066074195,23.171147056753878,2018-10-05-16-00-37
1.0,113.35013894750828,23.171145432616978,2018-10-05-16-00-37
1.0,113.35138684026377,23.17114343233297,2018-10-05-16-00-37
1.0,113.35188600834688,23.171142641804156,2018-10-05-16-00-37
2.0,113.35562998011885,23.17113689769701,2018-10-05-16-00-37
1.0,113.3558795920491,23.1711365268756,2018-10-05-16-00-37
2.0,113.3561292057716,23.17113615762969,2018-10-05-16-00-37
1.0,113.34789281819856,23.17139902048881,2018-10-05-16-00-37
2.0,113.34914064363623,23.17139696161303,2018-10-05-16-00-37
1.0,113.34963978402577,23.171396146940218,2018-10-05-16-00-37
1.0,113.35163640639477,23.171392941231545,2018-10-05-16-00-37
1.0,113.35213557767368,23.171392153496594,2018-10-05-16-00-37
1.0,113.35238516573222,23.171391761743894,2018-10-05-16-00-37
1.0,113.35488113784152,23.171387924366318,2018-10-05-16-00-37
1.0,113.35513074446341,23.171387548882038,2018-10-05-16-00-37
1.0,113.35538035284293,23.171387174941376,2018-10-05-16-00-37
1.0,113.35687804067564,23.171384964308228,2018-10-05-16-00-37
2.0,113.34889105854981,23.171647275772443,2018-10-05-16-00-37
2.0,113.34939019598237,23.171646458529118,2018-10-05-16-00-37
1.0,113.3498893393499,23.17164564644923,2018-10-05-16-00-37
2.0,113.35188597411666,23.171642451560306,2018-10-05-16-00-37
2.0,113.35213556055766,23.171642058394042,2018-10-05-16-00-37
1.0,113.35238514861534,23.171641666641307,2018-10-05-16-00-37
1.0,113.32568587109186,23.172189112964002,2018-10-05-16-00-37
1.0,113.3264343338115,23.172187684201045,2018-10-05-16-00-37
1.0,113.32693331036279,23.172186732597453,2018-10-05-16-00-37
2.0,113.32718279910007,23.17218625710425,2018-10-05-16-00-37
2.0,113.327432288163,23.172185781833285,2018-10-05-16-00-37
1.0,113.32768177756495,23.17218530679691,2018-10-05-16-00-37
2.0,113.33242215843607,23.17217634211645,2018-10-05-16-00-37
1.0,113.33292115704573,23.1721754071104,2018-10-05-16-00-37
1.0,113.33342015818869,23.17217447412882,2018-10-05-16-00-37
1.0,113.33391916197142,23.17217354327002,2018-10-05-16-00-37
1.0,113.33491717788202,23.172171688313465,2018-10-05-16-00-37
1.0,113.3351666836757,23.172171226054363,2018-10-05-16-00-37
1.0,113.3354161902223,23.17217076441176,2018-10-05-16-00-37
1.0,113.33566569753509,23.172170303397866,2018-10-05-16-00-37
2.0,113.33691324605488,23.17216800818636,2018-10-05-16-00-37
1.0,113.33766178520659,23.172166639384322,2018-10-05-16-00-37
1.0,113.32668380491712,23.172437113319077,2018-10-05-16-00-37
1.0,113.32693329334116,23.17243663761599,2018-10-05-16-00-37
1.0,113.32718278207744,23.17243616212275,2018-10-05-16-00-37
2.0,113.32743227113933,23.17243568685174,2018-10-05-16-00-37
1.0,113.32768176054027,23.17243521181532,2018-10-05-16-00-37
1.0,113.32818074041292,23.172434262495713,2018-10-05-16-00-37
1.0,113.32867972180252,23.172433314262854,2018-10-05-16-00-37
1.0,113.32892921309973,23.17243284058485,2018-10-05-16-00-37
1.0,113.3291787048163,23.17243236721564,2018-10-05-16-00-37
1.0,113.32992718261677,23.17243094908421,2018-10-05-16-00-37
1.0,113.33017667614507,23.17243047707366,2018-10-05-16-00-37
1.0,113.33317064024722,23.17242484537791,2018-10-05-16-00-37
1.0,113.33342014114105,23.172424379146282,2018-10-05-16-00-37
1.0,113.3339191449218,23.172423448287397,2018-10-05-16-00-37
1.0,113.33441815144886,23.172422519649498,2018-10-05-16-00-37
1.0,113.33591518856987,23.17241974804195,2018-10-05-16-00-37
1.0,113.3366637176524,23.17241837089055,2018-10-05-16-00-37
1.0,113.33691322899355,23.17241791320324,2018-10-05-16-00-37
2.0,113.33716274118014,23.172417456217786,2018-10-05-16-00-37
1.0,113.33791128294428,23.172416089594087,2018-10-05-16-00-37
1.0,113.32543634999568,23.172689399607506,2018-10-05-16-00-37
1.0,113.32593532436664,23.172688446621613,2018-10-05-16-00-37
2.0,113.32618481193336,23.172687970363093,2018-10-05-16-00-37
1.0,113.32643429977213,23.17268749427734,2018-10-05-16-00-37
1.0,113.32668378789631,23.172687018376713,2018-10-05-16-00-37
2.0,113.32768174351546,23.17268511687279,2018-10-05-16-00-37
1.0,113.32793123326785,23.172684642083283,2018-10-05-16-00-37
1.0,113.32818072338608,23.17268416755309,2018-10-05-16-00-37
1.0,113.32843021388355,23.17268369329459,2018-10-05-16-00-37
2.0,113.32867970477369,23.17268321932015,2018-10-05-16-00-37
1.0,113.32992716558287,23.1726808541413,2018-10-05-16-00-37
1.0,113.330925142664,23.172678968371603,2018-10-05-16-00-37
2.0,113.33117463821716,23.17267849791726,2018-10-05-16-00-37
1.0,113.3331706232004,23.17267475043446,2018-10-05-16-00-37
1.0,113.33416863078465,23.17267288874108,2018-10-05-16-00-37
1.0,113.33441813439708,23.17267242470584,2018-10-05-16-00-37
2.0,113.33466763872272,23.172671961250376,2018-10-05-16-00-37
2.0,113.33491714377476,23.172671498386933,2018-10-05-16-00-37
1.0,113.33516664956646,23.17267103612775,2018-10-05-16-00-37
1.0,113.33541615611115,23.17267057448506,2018-10-05-16-00-37
1.0,113.33566566342199,23.172670113471085,2018-10-05-16-00-37
2.0,113.33591517151228,23.172669653098048,2018-10-05-16-00-37
1.0,113.3361646803952,23.172669193378137,2018-10-05-16-00-37
3.0,113.336414190084,23.17266873432357,2018-10-05-16-00-37
2.0,113.33666370059187,23.17266827594652,2018-10-05-16-00-37
4.0,113.33691321193204,23.172667818259164,2018-10-05-16-00-37
2.0,113.33716272411766,23.17266736127367,2018-10-05-16-00-37
1.0,113.32518684614976,23.172939781407127,2018-10-05-16-00-37
1.0,113.32543633297978,23.172939304704446,2018-10-05-16-00-37
1.0,113.32618479491444,23.17293787545991,2018-10-05-16-00-37
2.0,113.32743223709153,23.172935497005852,2018-10-05-16-00-37
1.0,113.32818070635905,23.17293407264958,2018-10-05-16-00-37
2.0,113.3289291790398,23.172932650738478,2018-10-05-16-00-37
1.0,113.32917867075442,23.17293217736917,2018-10-05-16-00-37
1.0,113.33092512562595,23.172928873467626,2018-10-05-16-00-37
1.0,113.33117462117814,23.17292840301325,2018-10-05-16-00-37
1.0,113.33142411727016,23.172927932978773,2018-10-05-16-00-37
1.0,113.3329211059082,23.172925122280237,2018-10-05-16-00-37
1.0,113.33317060615342,23.172924655530114,2018-10-05-16-00-37
1.0,113.33342010704523,23.172924189298406,2018-10-05-16-00-37
1.0,113.3351666325116,23.17292094122307,2018-10-05-16-00-37
2.0,113.33541613905528,23.172920479580334,2018-10-05-16-00-37
2.0,113.33566564636517,23.172920018566323,2018-10-05-16-00-37
1.0,113.33616466333643,23.17291909847329,2018-10-05-16-00-37
2.0,113.33666368353116,23.172918181041588,2018-10-05-16-00-37
1.0,113.33691319487036,23.172917723354193,2018-10-05-16-00-37
1.0,113.337162707055,23.172917266368646,2018-10-05-16-00-37
2.0,113.33741222009829,23.172916810097128,2018-10-05-16-00-37
2.0,113.33766173401337,23.17291635455177,2018-10-05-16-00-37
1.0,113.32618477789532,23.173187780595878,2018-10-05-16-00-37
1.0,113.32768170946528,23.17318492710507,2018-10-05-16-00-37
1.0,113.32818068933186,23.17318397778521,2018-10-05-16-00-37
1.0,113.32843017982731,23.173183503526634,2018-10-05-16-00-37
1.0,113.3291786537232,23.17318208250464,2018-10-05-16-00-37
1.0,113.32967763846231,23.173181136741714,2018-10-05-16-00-37
1.0,113.33167359687428,23.1731773685116,2018-10-05-16-00-37
1.0,113.33342008999708,23.173174094433175,2018-10-05-16-00-37
1.0,113.33416859668259,23.173172698971204,2018-10-05-16-00-37
1.0,113.33441810029308,23.173172234935883,2018-10-05-16-00-37
1.0,113.3349171096668,23.17317130861681,2018-10-05-16-00-37
4.0,113.33541612199929,23.17317038471477,2018-10-05-16-00-37
1.0,113.33641415596435,23.173168544552947,2018-10-05-16-00-37
2.0,113.3366636664703,23.17316808617581,2018-10-05-16-00-37
4.0,113.33691317780851,23.17316762848837,2018-10-05-16-00-37
2.0,113.3371626899922,23.17316717150279,2018-10-05-16-00-37
2.0,113.33741220303452,23.173166715231233,2018-10-05-16-00-37
3.0,113.33766171694865,23.173166259685825,2018-10-05-16-00-37
1.0,113.3379112317477,23.173165804878717,2018-10-05-16-00-37
1.0,113.3251868121195,23.17343959171861,2018-10-05-16-00-37
1.0,113.32618476087605,23.173437685771056,2018-10-05-16-00-37
1.0,113.32643424871178,23.17343720968518,2018-10-05-16-00-37
1.0,113.32693322525292,23.173436258081164,2018-10-05-16-00-37
1.0,113.32718271398515,23.173435782587767,2018-10-05-16-00-37
1.0,113.32768169243994,23.173434832279998,2018-10-05-16-00-37
2.0,113.32793118218927,23.173434357490372,2018-10-05-16-00-37
1.0,113.32843016279895,23.173433408701445,2018-10-05-16-00-37
1.0,113.32867965368608,23.173432934726872,2018-10-05-16-00-37
1.0,113.32892914497921,23.173432461048712,2018-10-05-16-00-37
2.0,113.33491709261259,23.173421213790537,2018-10-05-16-00-37
1.0,113.3359151203384,23.173419368501147,2018-10-05-16-00-37
2.0,113.3361646292184,23.173418908781123,2018-10-05-16-00-37
2.0,113.3364141389043,23.173418449726423,2018-10-05-16-00-37
2.0,113.33666364940927,23.173417991349243,2018-10-05-16-00-37
2.0,113.33691316074652,23.173417533661762,2018-10-05-16-00-37
2.0,113.33716267292922,23.17341707667614,2018-10-05-16-00-37
2.0,113.33741218597058,23.17341662040453,2018-10-05-16-00-37
1.0,113.33766169988372,23.17341616485909,2018-10-05-16-00-37
1.0,113.32518679510412,23.17368949693321,2018-10-05-16-00-37
1.0,113.32593525629393,23.173688067244182,2018-10-05-16-00-37
1.0,113.3261847438566,23.173687590985498,2018-10-05-16-00-37
1.0,113.32668371981148,23.173686638998785,2018-10-05-16-00-37
1.0,113.32768167541442,23.173684737494195,2018-10-05-16-00-37
1.0,113.32793116516277,23.173684262704526,2018-10-05-16-00-37
1.0,113.32892912794868,23.173682366262693,2018-10-05-16-00-37
2.0,113.32942811180472,23.17368141984498,2018-10-05-16-00-37
1.0,113.32967760439536,23.173680947130176,2018-10-05-16-00-37
1.0,113.3336695574491,23.17367343911925,2018-10-05-16-00-37
2.0,113.3346675705101,23.173671581867136,2018-10-05-16-00-37
2.0,113.33491707555822,23.17367111900353,2018-10-05-16-00-37
1.0,113.33516658134602,23.17367065674417,2018-10-05-16-00-37
2.0,113.33591510328009,23.17366927371397,2018-10-05-16-00-37
1.0,113.33616461215914,23.173668813993892,2018-10-05-16-00-37
1.0,113.33641412184409,23.17366835493916,2018-10-05-16-00-37
2.0,113.33666363234806,23.17366789656194,2018-10-05-16-00-37
2.0,113.33691314368436,23.173667438874418,2018-10-05-16-00-37
4.0,113.3371626558661,23.17366698188875,2018-10-05-16-00-37
1.0,113.33741216890648,23.173666525617108,2018-10-05-16-00-37
1.0,113.3379111976158,23.173665615264426,2018-10-05-16-00-37
1.0,113.32518677808856,23.173939402187127,2018-10-05-16-00-37
1.0,113.32568575197232,23.173938448917113,2018-10-05-16-00-37
1.0,113.326184726837,23.17393749623925,2018-10-05-16-00-37
3.0,113.32743216899388,23.17393511778437,2018-10-05-16-00-37
1.0,113.32843012874174,23.17393321916889,2018-10-05-16-00-37
1.0,113.32867961962684,23.17393274519424,2018-10-05-16-00-37
1.0,113.32892911091795,23.173932271515998,2018-10-05-16-00-37
1.0,113.329428094772,23.1739313250982,2018-10-05-16-00-37
1.0,113.32967758736166,23.17393085238336,2018-10-05-16-00-37
1.0,113.33117455302023,23.173928023789284,2018-10-05-16-00-37
1.0,113.33516656429049,23.17392056199644,2018-10-05-16-00-37
1.0,113.3361645950997,23.173918719245997,2018-10-05-16-00-37
1.0,113.33666361528671,23.173917801813957,2018-10-05-16-00-37
1.0,113.33691312662201,23.17391734412639,2018-10-05-16-00-37
2.0,113.3371626388028,23.17391688714068,2018-10-05-16-00-37
1.0,113.33741215184219,23.17391643086899,2018-10-05-16-00-37
1.0,113.33766166575344,23.173915975323464,2018-10-05-16-00-37
2.0,113.3379111805496,23.17391552051623,2018-10-05-16-00-37
1.0,113.32668368576805,23.174186449545513,2018-10-05-16-00-37
1.0,113.32693317418502,23.174185973842125,2018-10-05-16-00-37
1.0,113.3271826629142,23.174185498348603,2018-10-05-16-00-37
1.0,113.32743215196905,23.174185023077303,2018-10-05-16-00-37
1.0,113.32768164136291,23.17418454804059,2018-10-05-16-00-37
1.0,113.32867960259699,23.174182650486962,2018-10-05-16-00-37
1.0,113.3291785855967,23.174181703439174,2018-10-05-16-00-37
1.0,113.3364140877231,23.17416816548264,2018-10-05-16-00-37
2.0,113.33666359822516,23.17416770710534,2018-10-05-16-00-37
1.0,113.33691310955948,23.174167249417728,2018-10-05-16-00-37
2.0,113.33741213477778,23.17416633616025,2018-10-05-16-00-37
2.0,113.33766164868806,23.17416588061468,2018-10-05-16-00-37
2.0,113.33791116348324,23.17416542580741,2018-10-05-16-00-37
1.0,113.32618469279728,23.174437306864945,2018-10-05-16-00-37
1.0,113.326434180629,23.174436830778898,2018-10-05-16-00-37
1.0,113.32668366874607,23.174436354877983,2018-10-05-16-00-37
1.0,113.32693315716206,23.174435879174556,2018-10-05-16-00-37
1.0,113.32718264589022,23.174435403680988,2018-10-05-16-00-37
1.0,113.32743213494406,23.17443492840965,2018-10-05-16-00-37
1.0,113.32768162433693,23.174434453372893,2018-10-05-16-00-37
2.0,113.32793111408225,23.174433978583107,2018-10-05-16-00-37
1.0,113.32818060419343,23.17443350405263,2018-10-05-16-00-37
2.0,113.32843009468384,23.17443302979384,2018-10-05-16-00-37
1.0,113.32892907685608,23.17443208214078,2018-10-05-16-00-37
1.0,113.33017653986131,23.17442971862793,2018-10-05-16-00-37
2.0,113.33516653017892,23.174420372619142,2018-10-05-16-00-37
2.0,113.33566554402077,23.174419449961892,2018-10-05-16-00-37
1.0,113.33591505210423,23.174418989588556,2018-10-05-16-00-37
1.0,113.3379111464167,23.17441533113801,2018-10-05-16-00-37
1.0,113.32568570091856,23.17468816491509,2018-10-05-16-00-37
2.0,113.32593518821855,23.174687688495837,2018-10-05-16-00-37
1.0,113.32618467577718,23.174687212236986,2018-10-05-16-00-37
1.0,113.3269331401389,23.17468578454647,2018-10-05-16-00-37
1.0,113.32718262886608,23.174685309052858,2018-10-05-16-00-37
2.0,113.32768160731077,23.174684358744685,2018-10-05-16-00-37
1.0,113.32818058716524,23.17468340942433,2018-10-05-16-00-37
2.0,113.32843007765464,23.174682935165507,2018-10-05-16-00-37
1.0,113.32917855153242,23.174681514142772,2018-10-05-16-00-37
1.0,113.32967753625952,23.174680568379344,2018-10-05-16-00-37
1.0,113.3351665131229,23.17467027798968,2018-10-05-16-00-37
1.0,113.33541601965976,23.17466981634665,2018-10-05-16-00-37
1.0,113.33591503504528,23.17466889495897,2018-10-05-16-00-37
1.0,113.3259351711993,23.174937593907448,2018-10-05-16-00-37
2.0,113.32668363470164,23.174936165661425,2018-10-05-16-00-37
1.0,113.3269331231156,23.174935689957923,2018-10-05-16-00-37
1.0,113.32718261184178,23.174935214464263,2018-10-05-16-00-37
1.0,113.32743210089356,23.17493473919284,2018-10-05-16-00-37
1.0,113.32768159028444,23.17493426415601,2018-10-05-16-00-37
1.0,113.32793108002771,23.17493378936613,2018-10-05-16-00-37
1.0,113.32818057013691,23.174933314835574,2018-10-05-16-00-37
1.0,113.32892904279349,23.174931892923475,2018-10-05-16-00-37
1.0,113.32917853450004,23.174931419553843,2018-10-05-16-00-37
1.0,113.3351664960667,23.174920183399763,2018-10-05-16-00-37
1.0,113.33541600260256,23.17491972175669,2018-10-05-16-00-37
2.0,113.33566550990463,23.174919260742346,2018-10-05-16-00-37
1.0,113.32593515417987,23.17518749935865,2018-10-05-16-00-37
1.0,113.32818055310837,23.175183220286407,2018-10-05-16-00-37
1.0,113.32843004359577,23.175182746027488,2018-10-05-16-00-37
3.0,113.32917851746751,23.175181325004505,2018-10-05-16-00-37
1.0,113.33317045272292,23.17517380315947,2018-10-05-16-00-37
1.0,113.33491697322842,23.175170551109023,2018-10-05-16-00-37
1.0,113.33516647901035,23.175170088849427,2018-10-05-16-00-37
1.0,113.33541598554524,23.175169627206305,2018-10-05-16-00-37
1.0,113.33716255348378,23.17516641399199,2018-10-05-16-00-37
1.0,113.33766158042476,23.175165502174355,2018-10-05-16-00-37
1.0,113.32518667599173,23.17543883453938,2018-10-05-16-00-37
1.0,113.32543616281158,23.17543835783628,2018-10-05-16-00-37
1.0,113.32593513716029,23.175437404849486,2018-10-05-16-00-37
1.0,113.32668360065657,23.17543597660321,2018-10-05-16-00-37
1.0,113.32693308906849,23.17543550089963,2018-10-05-16-00-37
1.0,113.32718257779264,23.17543502540589,2018-10-05-16-00-37
2.0,113.32743206684242,23.17543455013439,2018-10-05-16-00-37
1.0,113.33317043567426,23.175423708649106,2018-10-05-16-00-37
1.0,113.33366943809814,23.17542277671555,2018-10-05-16-00-37
1.0,113.33541596848772,23.17541953269557,2018-10-05-16-00-37
1.0,113.3361644927396,23.17541815158728,2018-10-05-16-00-37
12.0,113.33766156335852,23.17541540766324,2018-10-05-16-00-37
1.0,113.3256856328446,23.175687786799447,2018-10-05-16-00-37
1.0,113.32643409552172,23.175686358034763,2018-10-05-16-00-37
1.0,113.3269330720447,23.175685406429995,2018-10-05-16-00-37
1.0,113.32793102894469,23.175683505837718,2018-10-05-16-00-37
1.0,113.32867950041428,23.17568208307309,2018-10-05-16-00-37
1.0,113.33067544318172,23.175678302982483,2018-10-05-16-00-37
1.0,113.33142392981865,23.175676891630307,2018-10-05-16-00-37
1.0,113.33317041862543,23.175673614178443,2018-10-05-16-00-37
2.0,113.3336694210473,23.1756726822448,2018-10-05-16-00-37
1.0,113.33591496680776,23.17566851683652,2018-10-05-16-00-37
2.0,113.3376615462921,23.175665313191825,2018-10-05-16-00-37
1.0,113.33791106108153,23.17566485838429,2018-10-05-16-00-37
1.0,113.3299269441272,23.17592962346139,2018-10-05-16-00-37
1.0,113.33117441669648,23.17592726723465,2018-10-05-16-00-37
2.0,113.33267140174314,23.17592445375489,2018-10-05-16-00-37
1.0,113.33516642784024,23.175919805436482,2018-10-05-16-00-37
1.0,113.3354159343722,23.17591934379325,2018-10-05-16-00-37
1.0,113.33766152922553,23.17591521876016,2018-10-05-16-00-37
2.0,113.32593508610051,23.176187121560396,2018-10-05-16-00-37
1.0,113.33017642060426,23.176179057059645,2018-10-05-16-00-37
2.0,113.33267138469596,23.176174359363856,2018-10-05-16-00-37
1.0,113.33541591731421,23.17616924940176,2018-10-05-16-00-37
2.0,113.32992691005458,23.176429434720106,2018-10-05-16-00-37
1.0,113.33017640356688,23.176428962708894,2018-10-05-16-00-37
1.0,113.33042589756558,23.176428491068226,2018-10-05-16-00-37
1.0,113.33217237029932,23.176425200995478,2018-10-05-16-00-37
1.0,113.33267136764862,23.17642426501269,2018-10-05-16-00-37
2.0,113.33292086724659,23.176423797755863,2018-10-05-16-00-37
1.0,113.33391887210516,23.17642193391265,2018-10-05-16-00-37
1.0,113.33416837500305,23.176421469309272,2018-10-05-16-00-37
1.0,113.33591491562788,23.176418233661863,2018-10-05-16-00-37
1.0,113.33741198119029,23.176415485562234,2018-10-05-16-00-37
1.0,113.33766149509188,23.176415030016283,2018-10-05-16-00-37
1.0,113.32818045093376,23.176682653825733,2018-10-05-16-00-37
1.0,113.33042588052702,23.17667839675734,2018-10-05-16-00-37
1.0,113.33242185162409,23.17667463845211,2018-10-05-16-00-37
1.0,113.33341985130545,23.176672770461483,2018-10-05-16-00-37
2.0,113.3341683579496,23.176671374997767,2018-10-05-16-00-37
1.0,113.33641391710822,23.176667220574245,2018-10-05-16-00-37
2.0,113.33716245109537,23.17666584752233,2018-10-05-16-00-37
1.0,113.33766147802478,23.176664935704192,2018-10-05-16-00-37
1.0,113.33791099281038,23.176664480896488,2018-10-05-16-00-37
1.0,113.32543606070273,23.176937791617323,2018-10-05-16-00-37
1.0,113.32643401041031,23.17693588628435,2018-10-05-16-00-37
1.0,113.33067535798477,23.176927831228557,2018-10-05-16-00-37
1.0,113.33117434853062,23.176926889910888,2018-10-05-16-00-37
1.0,113.33217233620807,23.17692501241309,2018-10-05-16-00-37
1.0,113.33466734880066,23.176920353234106,2018-10-05-16-00-37
4.0,113.3364139000458,23.176917126302317,2018-10-05-16-00-37
1.0,113.33791097574219,23.176914386624322,2018-10-05-16-00-37
1.0,113.32942787333155,23.177180096992558,2018-10-05-16-00-37
1.0,113.32992685894443,23.177179151907644,2018-10-05-16-00-37
1.0,113.3301763524537,23.177178679896308,2018-10-05-16-00-37
1.0,113.33242181753056,23.17717444994962,2018-10-05-16-00-37
1.0,113.33591486444651,23.177167950846407,2018-10-05-16-00-37
2.0,113.3379109586738,23.177164292392163,2018-10-05-16-00-37
1.0,113.32967734887212,23.177429530086474,2018-10-05-16-00-37
1.0,113.33017633541564,23.17742858570552,2018-10-05-16-00-37
1.0,113.33142381052076,23.177426231453694,2018-10-05-16-00-37
1.0,113.33516632549555,23.177419239686746,2018-10-05-16-00-37
1.0,113.33566533931392,23.17741831702849,2018-10-05-16-00-37
1.0,113.33591484738571,23.177417856654657,2018-10-05-16-00-37
2.0,113.33691288773169,23.17741602181259,2018-10-05-16-00-37
1.0,113.33766142682259,23.177414653007908,2018-10-05-16-00-37
1.0,113.33791094160529,23.177414198200086,2018-10-05-16-00-37
1.0,113.32643395934144,23.177685603713897,2018-10-05-16-00-37
1.0,113.32992682487014,23.17767896356628,2018-10-05-16-00-37
1.0,113.33042581237112,23.17767801991398,2018-10-05-16-00-37
1.0,113.33067530686459,23.177677548656,2018-10-05-16-00-37
1.0,113.33117429740446,23.17767660733809,2018-10-05-16-00-37
1.0,113.33267128240936,23.177673793856567,2018-10-05-16-00-37
1.0,113.3339187868412,23.177671462755495,2018-10-05-16-00-37
1.0,113.33566532225393,23.177668222876918,2018-10-05-16-00-37
1.0,113.33591483032473,23.177667762503038,2018-10-05-16-00-37
1.0,113.33766140975484,23.177664558855994,2018-10-05-16-00-37
2.0,113.33791092453657,23.177664104048127,2018-10-05-16-00-37
1.0,113.32643394231819,23.17793550960404,2018-10-05-16-00-37
1.0,113.32768138595542,23.177933132195143,2018-10-05-16-00-37
1.0,113.3356653051938,23.177918128765523,2018-10-05-16-00-37
2.0,113.33591481326359,23.1779176683916,2018-10-05-16-00-37
1.0,113.33641383179452,23.17791674961537,2018-10-05-16-00-37
2.0,113.33666334228201,23.177916291237434,2018-10-05-16-00-37
1.0,113.33766139268693,23.17791446474427,2018-10-05-16-00-37
1.0,113.32618443747823,23.17818589162108,2018-10-05-16-00-37
1.0,113.32643392529474,23.17818541553441,2018-10-05-16-00-37
1.0,113.32743187954917,23.178183513162683,2018-10-05-16-00-37
1.0,113.33067527278364,23.17817736047511,2018-10-05-16-00-37
2.0,113.33092476778829,23.178176889612278,2018-10-05-16-00-37
2.0,113.33142375939065,23.17817594912168,2018-10-05-16-00-37
1.0,113.33167325601501,23.17817547951858,2018-10-05-16-00-37
1.0,113.3336692505301,23.17817173973243,2018-10-05-16-00-37
1.0,113.33391875273445,23.178171274573522,2018-10-05-16-00-37
1.0,113.33616430506383,23.17816711459957,2018-10-05-16-00-37
4.0,113.337162348701,23.178165282491413,2018-10-05-16-00-37
2.0,113.33766137561884,23.178164370672764,2018-10-05-16-00-37
1.0,113.33791089039863,23.17816391586481,2018-10-05-16-00-37
1.0,113.32668339637205,23.17843484560349,2018-10-05-16-00-37
1.0,113.33067525574293,23.17842726644506,2018-10-05-16-00-37
1.0,113.33092475074659,23.17842679558219,2018-10-05-16-00-37
1.0,113.3311742462768,23.178426325126896,2018-10-05-16-00-37
1.0,113.33142374234691,23.17842585509151,2018-10-05-16-00-37
1.0,113.33317023107729,23.178422577636447,2018-10-05-16-00-37
1.0,113.33416823857081,23.178420715939232,2018-10-05-16-00-37
2.0,113.33491675149321,23.178419325582208,2018-10-05-16-00-37
1.0,113.33591477914084,23.17841748028947,2018-10-05-16-00-37
1.0,113.3361642880014,23.17841702056861,2018-10-05-16-00-37
1.0,113.33666330815342,23.178416103135056,2018-10-05-16-00-37
1.0,113.33766135855059,23.17841427664155,2018-10-05-16-00-37
1.0,113.33791087332943,23.17841382183356,2018-10-05-16-00-37
1.0,113.32668337934723,23.17868475161445,2018-10-05-16-00-37
2.0,113.32743184549368,23.17868332514401,2018-10-05-16-00-37
1.0,113.32793082459757,23.178682375316054,2018-10-05-16-00-37
1.0,113.33142372530304,23.17867576110169,2018-10-05-16-00-37
1.0,113.33192271911447,23.17867482233988,2018-10-05-16-00-37
2.0,113.33267121421494,23.178673417654604,2018-10-05-16-00-37
1.0,113.33292071380406,23.17867295039741,2018-10-05-16-00-37
1.0,113.33416822151605,23.178670621948942,2018-10-05-16-00-37
1.0,113.33491673443548,23.1786692315918,2018-10-05-16-00-37
1.0,113.3361642709388,23.17866692657799,2018-10-05-16-00-37
3.0,113.33641378060429,23.17866646752241,2018-10-05-16-00-37
1.0,113.33666329108887,23.178666009144358,2018-10-05-16-00-37
4.0,113.33741182758928,23.178664638197013,2018-10-05-16-00-37
1.0,113.3376613414822,23.17866418265068,2018-10-05-16-00-37
1.0,113.32693285072004,23.17893418196164,2018-10-05-16-00-37
1.0,113.32992673968157,23.178928493416947,2018-10-05-16-00-37
1.0,113.33092471666264,23.178926607643103,2018-10-05-16-00-37
2.0,113.33192270206844,23.17892472839037,2018-10-05-16-00-37
1.0,113.33292069675402,23.17892285644773,2018-10-05-16-00-37
2.0,113.33317019697544,23.17892238969661,2018-10-05-16-00-37
1.0,113.33466721235008,23.178919600506273,2018-10-05-16-00-37
4.0,113.33491671737758,23.17891913764179,2018-10-05-16-00-37
1.0,113.33591474501742,23.178917292348714,2018-10-05-16-00-37
1.0,113.33666327402416,23.17891591519405,2018-10-05-16-00-37
2.0,113.3369127853401,23.17891545750565,2018-10-05-16-00-37
1.0,113.33716229750156,23.178915000519105,2018-10-05-16-00-37
2.0,113.33741181052166,23.178914544246574,2018-10-05-16-00-37
2.0,113.33791083919053,23.17891363389213,2018-10-05-16-00-37
1.0,113.32793079053738,23.1791821874588,2018-10-05-16-00-37
1.0,113.32917824492415,23.179179817643,2018-10-05-16-00-37
1.0,113.33117419514765,23.179176043278776,2018-10-05-16-00-37
1.0,113.33217218278924,23.179174165779482,2018-10-05-16-00-37
2.0,113.3326711801167,23.179173229795772,2018-10-05-16-00-37
2.0,113.33292067970385,23.17917276253849,2018-10-05-16-00-37
2.0,113.33317017992428,23.17917229578733,2018-10-05-16-00-37
1.0,113.334168187406,23.17917043408961,2018-10-05-16-00-37
1.0,113.3351662060858,23.179168581471945,2018-10-05-16-00-37
1.0,113.33616423681309,23.17916673871799,2018-10-05-16-00-37
2.0,113.33666325695928,23.17916582128419,2018-10-05-16-00-37
1.0,113.33691276827423,23.179165363595747,2018-10-05-16-00-37
1.0,113.33741179345388,23.17916445033659,2018-10-05-16-00-37
2.0,113.33766130734486,23.179163994790176,2018-10-05-16-00-37
1.0,113.33791082212082,23.179163539982056,2018-10-05-16-00-37
1.0,113.32718230537556,23.179433518691273,2018-10-05-16-00-37
5.0,113.3274317944092,23.179433043419102,2018-10-05-16-00-37
1.0,113.32917822788878,23.17942972377489,2018-10-05-16-00-37
1.0,113.33042569309191,23.179427361987106,2018-10-05-16-00-37
1.0,113.33142367417037,23.179425479374785,2018-10-05-16-00-37
2.0,113.33217216574188,23.179424071910876,2018-10-05-16-00-37
1.0,113.33267116306736,23.179423135927077,2018-10-05-16-00-37
1.0,113.33317016287295,23.17942220191856,2018-10-05-16-00-37
1.0,113.33416817035071,23.179420340220677,2018-10-05-16-00-37
1.0,113.33441767393663,23.179419876184312,2018-10-05-16-00-37
1.0,113.33616421974995,23.179416644848715,2018-10-05-16-00-37
1.0,113.33666323989424,23.179415727414828,2018-10-05-16-00-37
2.0,113.33691275120823,23.179415269726345,2018-10-05-16-00-37
1.0,113.33716226336773,23.17941481273972,2018-10-05-16-00-37
2.0,113.33766129027596,23.17941390092065,2018-10-05-16-00-37
1.0,113.33791080505094,23.17941344611249,2018-10-05-16-00-37
1.0,113.32518638668492,23.17968723400316,2018-10-05-16-00-37
1.0,113.32718228834808,23.17968342486405,2018-10-05-16-00-37
2.0,113.32743177738071,23.179682949591843,2018-10-05-16-00-37
1.0,113.32768126675242,23.17968247455422,2018-10-05-16-00-37
1.0,113.33167315374423,23.17967491594351,2018-10-05-16-00-37
1.0,113.33317014582144,23.17967210809034,2018-10-05-16-00-37
1.0,113.33466716117832,23.179669318899254,2018-10-05-16-00-37
1.0,113.33691273414206,23.179665175897497,2018-10-05-16-00-37
1.0,113.33716224630061,23.17966471891083,2018-10-05-16-00-37
1.0,113.32718227132044,23.179933331077443,2018-10-05-16-00-37
1.0,113.32743176035206,23.179932855805177,2018-10-05-16-00-37
1.0,113.32892870213104,23.17993000953085,2018-10-05-16-00-37
1.0,113.32917819381753,23.179929536160394,2018-10-05-16-00-37
1.0,113.3304256590106,23.179927174372192,2018-10-05-16-00-37
2.0,113.33167313669851,23.17992482215615,2018-10-05-16-00-37
2.0,113.33192263388258,23.179924352997322,2018-10-05-16-00-37
1.0,113.33366913115809,23.179921082367677,2018-10-05-16-00-37
2.0,113.33391863335557,23.179920617208467,2018-10-05-16-00-37
2.0,113.3369127170757,23.179915082109265,2018-10-05-16-00-37
2.0,113.33716222923329,23.179914625122557,2018-10-05-16-00-37
2.0,113.33741174224951,23.179914168849848,2018-10-05-16-00-37
2.0,113.3379107709107,23.179913258495073,2018-10-05-16-00-37
1.0,113.32518635264566,23.180187046471247,2018-10-05-16-00-37
1.0,113.32543583944624,23.180186569767372,2018-10-05-16-00-37
1.0,113.32618430129274,23.18018514051924,2018-10-05-16-00-37
1.0,113.32643378910116,23.18018466443225,2018-10-05-16-00-37
1.0,113.3269327655877,23.180183712826,2018-10-05-16-00-37
1.0,113.32892868509614,23.180179915784613,2018-10-05-16-00-37
1.0,113.33192261683573,23.180174259250578,2018-10-05-16-00-37
1.0,113.3336691141043,23.180170988620645,2018-10-05-16-00-37
3.0,113.3369127000092,23.180164988361692,2018-10-05-16-00-37
1.0,113.3371622121658,23.180164531374942,2018-10-05-16-00-37
1.0,113.3376612390682,23.18016361955562,2018-10-05-16-00-37
2.0,113.33791075384032,23.180163164747327,2018-10-05-16-00-37
1.0,113.32518633562576,23.180436952766353,2018-10-05-16-00-37
1.0,113.32543582242536,23.18043647606242,2018-10-05-16-00-37
1.0,113.32842968593721,23.18043076973413,2018-10-05-16-00-37
1.0,113.3316731026066,23.18042463470347,2018-10-05-16-00-37
1.0,113.33292059445044,23.180422293600927,2018-10-05-16-00-37
3.0,113.33341959552814,23.18042136061659,2018-10-05-16-00-37
1.0,113.33616415149588,23.180416269777712,2018-10-05-16-00-37
1.0,113.33716219509813,23.180414437668038,2018-10-05-16-00-37
1.0,113.33741170811246,23.180413981395265,2018-10-05-16-00-37
1.0,113.33766122199863,23.180413525848643,2018-10-05-16-00-37
1.0,113.3271822202365,23.180683049961786,2018-10-05-16-00-37
2.0,113.3281801784388,23.18068115032928,2018-10-05-16-00-37
1.0,113.32842966890404,23.180680676069453,2018-10-05-16-00-37
1.0,113.32867915976195,23.180680202093694,2018-10-05-16-00-37
1.0,113.33067510236893,23.180676421996445,2018-10-05-16-00-37
1.0,113.33142358894594,23.18067501064177,2018-10-05-16-00-37
1.0,113.33217208050252,23.180673603177237,2018-10-05-16-00-37
2.0,113.33292057739928,23.180672199935504,2018-10-05-16-00-37
2.0,113.33341957847496,23.180671266951087,2018-10-05-16-00-37
1.0,113.33366907999614,23.180670801248784,2018-10-05-16-00-37
1.0,113.33391858219069,23.180670336089452,2018-10-05-16-00-37
1.0,113.3344175886528,23.180669407448807,2018-10-05-16-00-37
1.0,113.33541561024143,23.18066755722268,2018-10-05-16-00-37
2.0,113.33791071969904,23.180662977374052,2018-10-05-16-00-37
1.0,113.32618425022044,23.180934859526392,2018-10-05-16-00-37
1.0,113.3264337380258,23.18093438343927,2018-10-05-16-00-37
1.0,113.3266832261166,23.18093390753728,2018-10-05-16-00-37
1.0,113.32693271450628,23.18093343183278,2018-10-05-16-00-37
1.0,113.32718220320818,23.18093295633814,2018-10-05-16-00-37
1.0,113.32793067132148,23.18093153123702,2018-10-05-16-00-37
1.0,113.32842965187069,23.180930582445608,2018-10-05-16-00-37
1.0,113.32867914272758,23.180930108469795,2018-10-05-16-00-37
1.0,113.3309245803202,23.180925857508942,2018-10-05-16-00-37
2.0,113.3311740758404,23.180925387053232,2018-10-05-16-00-37
2.0,113.33292056034792,23.180922106310906,2018-10-05-16-00-37
1.0,113.33441757159555,23.180919313823964,2018-10-05-16-00-37
1.0,113.33641362702456,23.180915623430646,2018-10-05-16-00-37
2.0,113.33791070262819,23.180912883748626,2018-10-05-16-00-37
1.0,113.34040649959341,23.172161679774643,2018-10-05-16-00-37
1.0,113.3419036678847,23.172159017926532,2018-10-05-16-00-37
1.0,113.34215319972996,23.172158577514644,2018-10-05-16-00-37
1.0,113.34240273269444,23.172158138057213,2018-10-05-16-00-37
2.0,113.34439903824051,23.17215465817837,2018-10-05-16-00-37
1.0,113.34514767283508,23.172153370400792,2018-10-05-16-00-37
1.0,113.3458963188798,23.172152092484374,2018-10-05-16-00-37
2.0,113.3473936466793,23.17214956748939,2018-10-05-16-00-37
1.0,113.3384103152555,23.172415182243466,2018-10-05-16-00-37
1.0,113.33865983279102,23.17241472972404,2018-10-05-16-00-37
4.0,113.34190365080431,23.17240892294256,2018-10-05-16-00-37
2.0,113.3421531826487,23.17240848253064,2018-10-05-16-00-37
1.0,113.34240271561224,23.17240804307316,2018-10-05-16-00-37
1.0,113.3436503976674,23.172405860517248,2018-10-05-16-00-37
1.0,113.34539720313438,23.17240284833286,2018-10-05-16-00-37
1.0,113.34664495961742,23.172400729758355,2018-10-05-16-00-37
1.0,113.33890933419478,23.17266418304691,2018-10-05-16-00-37
1.0,113.33990741771817,23.172662384224147,2018-10-05-16-00-37
1.0,113.34015694107313,23.17266193660573,2018-10-05-16-00-37
1.0,113.34065599084312,23.17266104395772,2018-10-05-16-00-37
1.0,113.34090551728414,23.172660598952085,2018-10-05-16-00-37
1.0,113.34115504477975,23.172660154841317,2018-10-05-16-00-37
11.0,113.34190363372382,23.172658827997648,2018-10-05-16-00-37
2.0,113.34215316556723,23.172658387585678,2018-10-05-16-00-37
2.0,113.34240269852987,23.17265794812816,2018-10-05-16-00-37
2.0,113.34265223262457,23.172657509636952,2018-10-05-16-00-37
1.0,113.34539718604105,23.17265275338735,2018-10-05-16-00-37
1.0,113.34764317188507,23.17264896085825,2018-10-05-16-00-37
2.0,113.33816076451149,23.17291544568805,2018-10-05-16-00-37
1.0,113.3386597986544,23.172914539874398,2018-10-05-16-00-37
1.0,113.33965787829365,23.172912737784067,2018-10-05-16-00-37
1.0,113.339907400645,23.17291228931867,2018-10-05-16-00-37
1.0,113.34065597376714,23.172910949052113,2018-10-05-16-00-37
2.0,113.34165408590694,23.172909174446406,2018-10-05-16-00-37
1.0,113.34190361664314,23.172908733091827,2018-10-05-16-00-37
7.0,113.34215314848564,23.172908292679814,2018-10-05-16-00-37
1.0,113.34240268144735,23.172907853222252,2018-10-05-16-00-37
1.0,113.34265221554114,23.172907414731,2018-10-05-16-00-37
2.0,113.34290175077976,23.172906977217924,2018-10-05-16-00-37
1.0,113.34389990343956,23.17290523718367,2018-10-05-16-00-37
2.0,113.34589626759441,23.17290180764763,2018-10-05-16-00-37
1.0,113.34614581887669,23.17290138392105,2018-10-05-16-00-37
1.0,113.34639537148158,23.172900961336644,2018-10-05-16-00-37
2.0,113.34689448070938,23.172900119640627,2018-10-05-16-00-37
1.0,113.34714403735731,23.172899700552076,2018-10-05-16-00-37
1.0,113.33816074744482,23.173165350822014,2018-10-05-16-00-37
3.0,113.33915881947641,23.17316354234137,2018-10-05-16-00-37
2.0,113.33940833986055,23.17316309221813,2018-10-05-16-00-37
1.0,113.33990738357168,23.173162194452342,2018-10-05-16-00-37
2.0,113.34015690692476,23.173161746833845,2018-10-05-16-00-37
1.0,113.3404064312935,23.17316130007429,2018-10-05-16-00-37
1.0,113.34065595669098,23.173160854185664,2018-10-05-16-00-37
1.0,113.34165406882704,23.173159079579786,2018-10-05-16-00-37
2.0,113.34190359956229,23.173158638225164,2018-10-05-16-00-37
4.0,113.34215313140386,23.17315819781311,2018-10-05-16-00-37
1.0,113.34240266436464,23.173157758355504,2018-10-05-16-00-37
1.0,113.3429017336952,23.173156882351087,2018-10-05-16-00-37
1.0,113.34389988635132,23.173155142316666,2018-10-05-16-00-37
1.0,113.34539715185387,23.173152563613677,2018-10-05-16-00-37
2.0,113.34564670052768,23.173152137637487,2018-10-05-16-00-37
1.0,113.34739357827709,23.17314918778425,2018-10-05-16-00-37
1.0,113.338160730378,23.1734152559952,2018-10-05-16-00-37
1.0,113.3384102469854,23.173414802700982,2018-10-05-16-00-37
2.0,113.33865976451708,23.17341435018139,2018-10-05-16-00-37
2.0,113.33915880240578,23.173413447514378,2018-10-05-16-00-37
1.0,113.34065593961463,23.173410759358426,2018-10-05-16-00-37
3.0,113.3419035824813,23.173408543397713,2018-10-05-16-00-37
1.0,113.34215311432192,23.17340810298561,2018-10-05-16-00-37
2.0,113.3426521813737,23.173407225036634,2018-10-05-16-00-37
2.0,113.34389986926293,23.17340504748887,2018-10-05-16-00-37
1.0,113.34414941041622,23.173404615043694,2018-10-05-16-00-37
1.0,113.3443989527911,23.173404183647413,2018-10-05-16-00-37
2.0,113.34489804125631,23.173403324048483,2018-10-05-16-00-37
1.0,113.34589623340332,23.17340161795215,2018-10-05-16-00-37
2.0,113.34639533728688,23.17340077164099,2018-10-05-16-00-37
2.0,113.34664489122518,23.17340035021025,2018-10-05-16-00-37
1.0,113.34689444651116,23.1733999299448,2018-10-05-16-00-37
1.0,113.34714400315731,23.17339951085617,2018-10-05-16-00-37
1.0,113.34739356117613,23.17339909295586,2018-10-05-16-00-37
1.0,113.34764312058005,23.173398676255363,2018-10-05-16-00-37
1.0,113.338160713311,23.173665161207644,2018-10-05-16-00-37
1.0,113.33841022991743,23.173664707913385,2018-10-05-16-00-37
10.0,113.33865974744816,23.17366425539375,2018-10-05-16-00-37
2.0,113.33890926591631,23.17366380366081,2018-10-05-16-00-37
1.0,113.33915878533494,23.173663352726656,2018-10-05-16-00-37
1.0,113.339657827076,23.173662453302907,2018-10-05-16-00-37
1.0,113.3409054489754,23.173660219564642,2018-10-05-16-00-37
2.0,113.34165403466669,23.173658889964226,2018-10-05-16-00-37
1.0,113.34215309723982,23.17365800819739,2018-10-05-16-00-37
1.0,113.34240263019872,23.173657568739692,2018-10-05-16-00-37
1.0,113.34290169952558,23.173656692735108,2018-10-05-16-00-37
2.0,113.34365031223082,23.173655386182727,2018-10-05-16-00-37
14.0,113.34414939332676,23.173654520255123,2018-10-05-16-00-37
21.0,113.34439893570072,23.173654088858804,2018-10-05-16-00-37
2.0,113.34464847930893,23.173653658523122,2018-10-05-16-00-37
1.0,113.34514757027893,23.17365280108045,2018-10-05-16-00-37
1.0,113.34589621630751,23.173651523163272,2018-10-05-16-00-37
1.0,113.34614576758707,23.173651099436565,2018-10-05-16-00-37
1.0,113.34664487412672,23.17365025542125,2018-10-05-16-00-37
2.0,113.34689442941179,23.173649835155764,2018-10-05-16-00-37
2.0,113.34739354407499,23.173648998166733,2018-10-05-16-00-37
2.0,113.33816069624383,23.173915066459408,2018-10-05-16-00-37
1.0,113.33841021284931,23.173914613165106,2018-10-05-16-00-37
2.0,113.33865973037909,23.173914160645428,2018-10-05-16-00-37
1.0,113.33890924884628,23.173913708912448,2018-10-05-16-00-37
1.0,113.33990733235069,23.173911910088854,2018-10-05-16-00-37
1.0,113.34040638006685,23.173911015710534,2018-10-05-16-00-37
1.0,113.34065590546149,23.173910569821786,2018-10-05-16-00-37
1.0,113.34215308015752,23.173907913448467,2018-10-05-16-00-37
1.0,113.34240261311552,23.17390747399073,2018-10-05-16-00-37
1.0,113.34290168244051,23.17390659798607,2018-10-05-16-00-37
1.0,113.343650295143,23.17390529143355,2018-10-05-16-00-37
5.0,113.34389983508564,23.173904857951133,2018-10-05-16-00-37
2.0,113.34439891861015,23.1739039941095,2018-10-05-16-00-37
2.0,113.34464846221745,23.173903563773774,2018-10-05-16-00-37
1.0,113.34489800707176,23.17390313451039,2018-10-05-16-00-37
2.0,113.3451475531857,23.173902706331027,2018-10-05-16-00-37
1.0,113.34539710057184,23.17390227924737,2018-10-05-16-00-37
1.0,113.34639530309154,23.17390058210239,2018-10-05-16-00-37
1.0,113.34689441231224,23.17389974040602,2018-10-05-16-00-37
2.0,113.34714396895664,23.17389932131731,2018-10-05-16-00-37
2.0,113.3473935269737,23.17389890341692,2018-10-05-16-00-37
2.0,113.34764308637585,23.17389848671633,2018-10-05-16-00-37
1.0,113.33816067917653,23.174164971750542,2018-10-05-16-00-37
2.0,113.33865971330984,23.174164065936473,2018-10-05-16-00-37
2.0,113.33890923177609,23.174163614203447,2018-10-05-16-00-37
1.0,113.33990731527668,23.17416181537969,2018-10-05-16-00-37
1.0,113.34015683862594,23.17416136776102,2018-10-05-16-00-37
1.0,113.34040636299095,23.17416092100129,2018-10-05-16-00-37
1.0,113.34190353123724,23.17415825915115,2018-10-05-16-00-37
1.0,113.34240259603216,23.174157379281148,2018-10-05-16-00-37
1.0,113.3429016653553,23.1741565032764,2018-10-05-16-00-37
1.0,113.34315120174708,23.174156066753103,2018-10-05-16-00-37
1.0,113.34365027805502,23.17415519672376,2018-10-05-16-00-37
1.0,113.3441493591473,23.174154330795986,2018-10-05-16-00-37
2.0,113.34439890151943,23.174153899399577,2018-10-05-16-00-37
1.0,113.34639528599364,23.17415048739213,2018-10-05-16-00-37
1.0,113.34689439521256,23.17414964569567,2018-10-05-16-00-37
2.0,113.33816066210905,23.1744148770811,2018-10-05-16-00-37
1.0,113.33865969624044,23.17441397126695,2018-10-05-16-00-37
3.0,113.33890921470574,23.174413519533893,2018-10-05-16-00-37
2.0,113.33940825450087,23.17441261847616,2018-10-05-16-00-37
2.0,113.33990729820249,23.174411720709955,2018-10-05-16-00-37
1.0,113.34015682155086,23.174411273091245,2018-10-05-16-00-37
2.0,113.34115492523114,23.17440949132565,2018-10-05-16-00-37
2.0,113.34365026096687,23.174405102053385,2018-10-05-16-00-37
2.0,113.34389980090765,23.17440466857088,2018-10-05-16-00-37
1.0,113.34439888442854,23.17440380472908,2018-10-05-16-00-37
1.0,113.34489797288653,23.174402945129795,2018-10-05-16-00-37
2.0,113.34514751899863,23.17440251695035,2018-10-05-16-00-37
1.0,113.345397066383,23.174402089866604,2018-10-05-16-00-37
1.0,113.34564661505227,23.1744016638902,2018-10-05-16-00-37
1.0,113.34614571629601,23.174400815305944,2018-10-05-16-00-37
1.0,113.34664482283026,23.17439997129037,2018-10-05-16-00-37
2.0,113.34714393475531,23.174399131935946,2018-10-05-16-00-37
4.0,113.33816064504136,23.17466478245114,2018-10-05-16-00-37
2.0,113.33890919763522,23.1746634249038,2018-10-05-16-00-37
1.0,113.33940823742843,23.17466252384599,2018-10-05-16-00-37
4.0,113.33965775878349,23.174662074545388,2018-10-05-16-00-37
1.0,113.33990728112819,23.174661626079697,2018-10-05-16-00-37
1.0,113.34065585423048,23.174660285812248,2018-10-05-16-00-37
1.0,113.34090538066395,23.174659840806278,2018-10-05-16-00-37
1.0,113.3414044367078,23.17465895349089,2018-10-05-16-00-37
1.0,113.34165396634405,23.174658511205354,2018-10-05-16-00-37
1.0,113.34389978381843,23.174654573939943,2018-10-05-16-00-37
1.0,113.34414932496716,23.174654141494546,2018-10-05-16-00-37
1.0,113.34439886733749,23.174653710098056,2018-10-05-16-00-37
1.0,113.34464841094207,23.1746532797622,2018-10-05-16-00-37
1.0,113.34564659795672,23.174651569258966,2018-10-05-16-00-37
2.0,113.34589614792263,23.174651144401498,2018-10-05-16-00-37
1.0,113.34639525179726,23.174650298089915,2018-10-05-16-00-37
1.0,113.34664480573113,23.17464987665896,2018-10-05-16-00-37
1.0,113.34689436101264,23.17464945639329,2018-10-05-16-00-37
1.0,113.3471439176544,23.174649037304444,2018-10-05-16-00-37
1.0,113.34789259586536,23.174647787213765,2018-10-05-16-00-37
2.0,113.33915869997837,23.174912879378887,2018-10-05-16-00-37
1.0,113.33940822035584,23.174912429255357,2018-10-05-16-00-37
1.0,113.33965774170991,23.17491197995471,2018-10-05-16-00-37
2.0,113.33990726405365,23.174911531488977,2018-10-05-16-00-37
2.0,113.34015678740013,23.17491108387018,2018-10-05-16-00-37
1.0,113.34115489107286,23.17490930210425,2018-10-05-16-00-37
1.0,113.34315115048763,23.174905782860733,2018-10-05-16-00-37
1.0,113.34340068804718,23.17490534733913,2018-10-05-16-00-37
2.0,113.34365022679006,23.17490491283113,2018-10-05-16-00-37
1.0,113.34389976672905,23.17490447934854,2018-10-05-16-00-37
1.0,113.34414930787683,23.174904046903105,2018-10-05-16-00-37
1.0,113.34464839384995,23.174903185170677,2018-10-05-16-00-37
2.0,113.34514748481091,23.17490232772759,2018-10-05-16-00-37
1.0,113.34539703219349,23.174901900643754,2018-10-05-16-00-37
1.0,113.34564658086096,23.17490147466727,2018-10-05-16-00-37
2.0,113.34589613082598,23.174901049809762,2018-10-05-16-00-37
12.0,113.34614568210108,23.174900626082835,2018-10-05-16-00-37
2.0,113.3466447886318,23.17489978206709,2018-10-05-16-00-37
2.0,113.34689434391242,23.17489936180138,2018-10-05-16-00-37
1.0,113.3386596450312,23.175163687495473,2018-10-05-16-00-37
1.0,113.33890916349364,23.17516323576229,2018-10-05-16-00-37
1.0,113.33915868290657,23.17516278482788,2018-10-05-16-00-37
1.0,113.33940820328309,23.175162334704304,2018-10-05-16-00-37
3.0,113.33965772463621,23.17516188540361,2018-10-05-16-00-37
1.0,113.33990724697901,23.17516143693784,2018-10-05-16-00-37
2.0,113.34040629468572,23.17516054255911,2018-10-05-16-00-37
1.0,113.34140440254733,23.17515876434853,2018-10-05-16-00-37
1.0,113.34215299474363,23.175157440295557,2018-10-05-16-00-37
1.0,113.34240252769699,23.175157000837608,2018-10-05-16-00-37
1.0,113.34315113340082,23.17515568830905,2018-10-05-16-00-37
2.0,113.34365020970141,23.17515481827937,2018-10-05-16-00-37
1.0,113.34389974963945,23.17515438479673,2018-10-05-16-00-37
3.0,113.34464837675765,23.175153090618736,2018-10-05-16-00-37
1.0,113.3448979216074,23.175152661355128,2018-10-05-16-00-37
1.0,113.34514746771679,23.17515223317556,2018-10-05-16-00-37
1.0,113.34539701509846,23.175151806091684,2018-10-05-16-00-37
2.0,113.34589611372915,23.175150955257607,2018-10-05-16-00-37
1.0,113.34639521760023,23.17515010894585,2018-10-05-16-00-37
1.0,113.34664477153231,23.175149687514807,2018-10-05-16-00-37
1.0,113.34764300086245,23.17514801355871,2018-10-05-16-00-37
1.0,113.33841011043708,23.175414045504127,2018-10-05-16-00-37
2.0,113.3389091464226,23.175413141250964,2018-10-05-16-00-37
2.0,113.33990722990416,23.17541134242635,2018-10-05-16-00-37
2.0,113.340406277609,23.175410448047533,2018-10-05-16-00-37
1.0,113.34090532942864,23.175409557152424,2018-10-05-16-00-37
2.0,113.34240251061277,23.175406906325694,2018-10-05-16-00-37
1.0,113.34265204469726,23.175406467834023,2018-10-05-16-00-37
1.0,113.34315111631383,23.175405593797013,2018-10-05-16-00-37
2.0,113.34340065387156,23.175405158275307,2018-10-05-16-00-37
1.0,113.34414927369572,23.175403857839036,2018-10-05-16-00-37
1.0,113.34439881606329,23.175403426442422,2018-10-05-16-00-37
1.0,113.34464835966517,23.175402996106435,2018-10-05-16-00-37
1.0,113.34489790451404,23.175402566842788,2018-10-05-16-00-37
2.0,113.3451474506225,23.175402138663173,2018-10-05-16-00-37
1.0,113.34539699800327,23.17540171157925,2018-10-05-16-00-37
1.0,113.34714386635063,23.175398753647386,2018-10-05-16-00-37
1.0,113.34789254455369,23.17539750355632,2018-10-05-16-00-37
1.0,113.3384100933678,23.175663951032575,2018-10-05-16-00-37
2.0,113.3389091293514,23.175663046779327,2018-10-05-16-00-37
2.0,113.33990721282915,23.175661247954555,2018-10-05-16-00-37
3.0,113.34040626053209,23.175660353575648,2018-10-05-16-00-37
1.0,113.34115483983422,23.175659018569192,2018-10-05-16-00-37
1.0,113.34140436838621,23.175658575364732,2018-10-05-16-00-37
1.0,113.34464834257255,23.17565290163383,2018-10-05-16-00-37
54.0,113.34489788742049,23.175652472370142,2018-10-05-16-00-37
1.0,113.34514743352806,23.175652044190482,2018-10-05-16-00-37
2.0,113.34589607953505,23.17565076627227,2018-10-05-16-00-37
1.0,113.34614563080747,23.175650342545214,2018-10-05-16-00-37
1.0,113.34664473733284,23.17564949852921,2018-10-05-16-00-37
2.0,113.34689429261084,23.175649078263373,2018-10-05-16-00-37
2.0,113.33841007629835,23.175913856600786,2018-10-05-16-00-37
2.0,113.33865959382048,23.175913404080767,2018-10-05-16-00-37
1.0,113.33940815206377,23.175912051289224,2018-10-05-16-00-37
1.0,113.34040624345505,23.17591025914352,2018-10-05-16-00-37
9.0,113.34489787032679,23.17590237793725,2018-10-05-16-00-37
8.0,113.34514741643343,23.175901949757552,2018-10-05-16-00-37
1.0,113.34539696381243,23.17590152267354,2018-10-05-16-00-37
1.0,113.3456465124763,23.175901096696887,2018-10-05-16-00-37
1.0,113.34664472023285,23.17589940409601,2018-10-05-16-00-37
1.0,113.34764294955241,23.175897730139408,2018-10-05-16-00-37
1.0,113.34789251034506,23.175897314649745,2018-10-05-16-00-37
1.0,113.33816054263191,23.176164215503476,2018-10-05-16-00-37
1.0,113.33841005922872,23.176163762208795,2018-10-05-16-00-37
1.0,113.33890909520849,23.17616285795538,2018-10-05-16-00-37
1.0,113.33915861461763,23.1761624070208,2018-10-05-16-00-37
4.0,113.33940813499031,23.176161956897058,2018-10-05-16-00-37
1.0,113.33965765633964,23.176161507596213,2018-10-05-16-00-37
2.0,113.33990717867867,23.176161059130262,2018-10-05-16-00-37
1.0,113.34015670202038,23.176160611511254,2018-10-05-16-00-37
2.0,113.3404062263778,23.17616016475119,2018-10-05-16-00-37
1.0,113.3409052781918,23.17615927385583,2018-10-05-16-00-37
1.0,113.34115480567431,23.17615882974448,2018-10-05-16-00-37
1.0,113.34165386385502,23.17615794425415,2018-10-05-16-00-37
1.0,113.34315106505188,23.17615531049927,2018-10-05-16-00-37
1.0,113.3448978532329,23.17615228354415,2018-10-05-16-00-37
1.0,113.34514739933867,23.17615185536441,2018-10-05-16-00-37
1.0,113.34614559661091,23.1761501537188,2018-10-05-16-00-37
1.0,113.3463951492042,23.176149731133837,2018-10-05-16-00-37
1.0,113.34664470313271,23.17614930970262,2018-10-05-16-00-37
1.0,113.34689425840892,23.176148889436693,2018-10-05-16-00-37
3.0,113.33816052556308,23.176414121151385,2018-10-05-16-00-37
1.0,113.33865955967916,23.176413215336567,2018-10-05-16-00-37
1.0,113.3394081179167,23.17641186254476,2018-10-05-16-00-37
1.0,113.33965763926508,23.176411413243862,2018-10-05-16-00-37
1.0,113.33990716160316,23.17641096477788,2018-10-05-16-00-37
1.0,113.3404062093004,23.176410070398727,2018-10-05-16-00-37
1.0,113.34065573468565,23.17640962450955,2018-10-05-16-00-37
3.0,113.34090526111252,23.176409179503285,2018-10-05-16-00-37
2.0,113.34140431714323,23.1764082921873,2018-10-05-16-00-37
2.0,113.34439874769541,23.17640304879089,2018-10-05-16-00-37
1.0,113.34489783613884,23.17640218919092,2018-10-05-16-00-37
1.0,113.34539692962088,23.17640133392704,2018-10-05-16-00-37
1.0,113.34589602824259,23.176400483092532,2018-10-05-16-00-37
1.0,113.34664468603238,23.176399215349086,2018-10-05-16-00-37
1.0,113.34689424130772,23.176398795083124,2018-10-05-16-00-37
1.0,113.34714379794323,23.176398375993966,2018-10-05-16-00-37
1.0,113.34789247613577,23.17639712590238,2018-10-05-16-00-37
3.0,113.33816050849407,23.176664026839205,2018-10-05-16-00-37
1.0,113.33841002508899,23.17666357354444,2018-10-05-16-00-37
1.0,113.33865954260824,23.176663121024298,2018-10-05-16-00-37
2.0,113.33890906106492,23.176662669290856,2018-10-05-16-00-37
1.0,113.33965762219036,23.176661318931433,2018-10-05-16-00-37
2.0,113.33990714452749,23.17666087046541,2018-10-05-16-00-37
1.0,113.3401566678673,23.176660422846318,2018-10-05-16-00-37
1.0,113.34115477151369,23.176658641079197,2018-10-05-16-00-37
1.0,113.34165382969069,23.176657755588693,2018-10-05-16-00-37
1.0,113.3434005684295,23.176654686311398,2018-10-05-16-00-37
1.0,113.344398730603,23.17665295447765,2018-10-05-16-00-37
1.0,113.34489781904465,23.1766520948776,2018-10-05-16-00-37
1.0,113.34614556241364,23.17664996505181,2018-10-05-16-00-37
1.0,113.34689422420631,23.176648700769448,2018-10-05-16-00-37
2.0,113.33841000801887,23.176913479272184,2018-10-05-16-00-37
1.0,113.33865952553715,23.176913026752,2018-10-05-16-00-37
2.0,113.3389090439929,23.17691257501852,2018-10-05-16-00-37
1.0,113.33965760511549,23.176911224658962,2018-10-05-16-00-37
2.0,113.34015665079052,23.17691032857376,2018-10-05-16-00-37
1.0,113.34090522695348,23.176908990917955,2018-10-05-16-00-37
1.0,113.34115475443312,23.17690854680648,2018-10-05-16-00-37
1.0,113.34140428298042,23.176908103601807,2018-10-05-16-00-37
1.0,113.34165381260824,23.17690766131589,2018-10-05-16-00-37
2.0,113.34614554531477,23.176899870778236,2018-10-05-16-00-37
1.0,113.34714376373856,23.17689818740651,2018-10-05-16-00-37
1.0,113.34739332174506,23.1768977695056,2018-10-05-16-00-37
1.0,113.33816047435559,23.1771638383348,2018-10-05-16-00-37
1.0,113.33890902692067,23.1771624807862,2018-10-05-16-00-37
1.0,113.33940806669487,23.177161579727546,2018-10-05-16-00-37
1.0,113.34040615806722,23.177159787580994,2018-10-05-16-00-37
1.0,113.3409052098737,23.1771588966853,2018-10-05-16-00-37
2.0,113.34115473735241,23.17715845257377,2018-10-05-16-00-37
1.0,113.34140426589876,23.17715800936907,2018-10-05-16-00-37
1.0,113.34165379552566,23.177157567083107,2018-10-05-16-00-37
1.0,113.3456464269917,23.17715062512989,2018-10-05-16-00-37
1.0,113.34614552821571,23.17714977654468,2018-10-05-16-00-37
1.0,113.34714374663595,23.177148093172782,2018-10-05-16-00-37
1.0,113.34739330464157,23.177147675271826,2018-10-05-16-00-37
1.0,113.34764286403228,23.17714725857068,2018-10-05-16-00-37
1.0,113.34789242482056,23.177146843080806,2018-10-05-16-00-37
1.0,113.33816045728607,23.17741374414267,2018-10-05-16-00-37
2.0,113.33840997387811,23.177413290847785,2018-10-05-16-00-37
1.0,113.3386594913945,23.177412838327516,2018-10-05-16-00-37
1.0,113.33890900984831,23.177412386593947,2018-10-05-16-00-37
2.0,113.33940804962059,23.177411485535213,2018-10-05-16-00-37
1.0,113.3396575709652,23.17741103623414,2018-10-05-16-00-37
1.0,113.33990709329944,23.177410587767987,2018-10-05-16-00-37
1.0,113.34040614098915,23.177409693388487,2018-10-05-16-00-37
1.0,113.34090519279371,23.17740880249271,2018-10-05-16-00-37
2.0,113.3411547202715,23.177408358381143,2018-10-05-16-00-37
2.0,113.34414913696449,23.177403103174896,2018-10-05-16-00-37
1.0,113.344897767761,23.177401812177628,2018-10-05-16-00-37
1.0,113.34539686123578,23.17740095691341,2018-10-05-16-00-37
1.0,113.34639506370534,23.177399259766027,2018-10-05-16-00-37
1.0,113.34664461762941,23.17739883833459,2018-10-05-16-00-37
1.0,113.34764284692776,23.17739716437694,2018-10-05-16-00-37
1.0,113.34789240771515,23.17739674888702,2018-10-05-16-00-37
1.0,113.3384099568075,23.177663196695747,2018-10-05-16-00-37
2.0,113.3389089927758,23.177662292441827,2018-10-05-16-00-37
2.0,113.33915851217917,23.177661841506996,2018-10-05-16-00-37
1.0,113.3396575538898,23.17766094208189,2018-10-05-16-00-37
1.0,113.33990707622313,23.17766049361569,2018-10-05-16-00-37
1.0,113.34240235684734,23.17765605751123,2018-10-05-16-00-37
1.0,113.34414911987234,23.177653009021878,2018-10-05-16-00-37
1.0,113.34614549401714,23.17764958819784,2018-10-05-16-00-37
1.0,113.33816042314658,23.177913555878852,2018-10-05-16-00-37
2.0,113.33940801547155,23.17791129727097,2018-10-05-16-00-37
1.0,113.3434004829833,23.177904215346608,2018-10-05-16-00-37
1.0,113.33840992266576,23.178163008512264,2018-10-05-16-00-37
2.0,113.34040608975396,23.17815941105196,2018-10-05-16-00-37
1.0,113.34140419757048,23.17815763283935,2018-10-05-16-00-37
1.0,113.3421527897332,23.178156308784853,2018-10-05-16-00-37
1.0,113.34464817163695,23.178151959102912,2018-10-05-16-00-37
1.0,113.34539680994524,23.17815067457432,2018-10-05-16-00-37
1.0,113.33915846095768,23.17841155929179,2018-10-05-16-00-37
1.0,113.33940798132186,23.178411109167676,2018-10-05-16-00-37
1.0,113.3396575026626,23.178410659866444,2018-10-05-16-00-37
1.0,113.34040607267522,23.178409317020282,2018-10-05-16-00-37
1.0,113.34265183966257,23.178405336802197,2018-10-05-16-00-37
1.0,113.34539679284805,23.178400580541787,2018-10-05-16-00-37
1.0,113.34639499530327,23.178398883393715,2018-10-05-16-00-37
1.0,113.34664454922377,23.178398461962107,2018-10-05-16-00-37
1.0,113.3471436611205,23.17839762260631,2018-10-05-16-00-37
1.0,113.3386594060349,23.178662367969448,2018-10-05-16-00-37
1.0,113.33915844388352,23.17866146530067,2018-10-05-16-00-37
1.0,113.33965748558654,23.17866056587523,2018-10-05-16-00-37
1.0,113.34414905150206,23.17865263281217,2018-10-05-16-00-37
2.0,113.34664453212193,23.178648367969714,2018-10-05-16-00-37
1.0,113.34739320201716,23.17864711071261,2018-10-05-16-00-37
1.0,113.33840987145186,23.178912726539327,2018-10-05-16-00-37
1.0,113.33940794717144,23.17891092122574,2018-10-05-16-00-37
2.0,113.33965746851031,23.178910471924414,2018-10-05-16-00-37
2.0,113.34414903440907,23.178902538860587,2018-10-05-16-00-37
2.0,113.33816033779492,23.179163085924355,2018-10-05-16-00-37
2.0,113.33840985438023,23.179162632629172,2018-10-05-16-00-37
3.0,113.33865937188992,23.179162180108605,2018-10-05-16-00-37
2.0,113.33915840973472,23.17916127743966,2018-10-05-16-00-37
1.0,113.33965745143392,23.17916037801405,2018-10-05-16-00-37
1.0,113.34265178840012,23.179155054948282,2018-10-05-16-00-37
1.0,113.34414901731589,23.17915244494946,2018-10-05-16-00-37
2.0,113.3443985596698,23.179152013552205,2018-10-05-16-00-37
1.0,113.33840983730845,23.179412538759518,2018-10-05-16-00-37
1.0,113.33940791302038,23.1794107334456,2018-10-05-16-00-37
1.0,113.34065552973252,23.179408495407845,2018-10-05-16-00-37
2.0,113.34414900022257,23.179402351078835,2018-10-05-16-00-37
1.0,113.34514717709128,23.17940063190024,2018-10-05-16-00-37
2.0,113.33840982023649,23.179662444930425,2018-10-05-16-00-37
1.0,113.34564625601001,23.179649685008048,2018-10-05-16-00-37
2.0,113.33816028658188,23.179912804437247,2018-10-05-16-00-37
1.0,113.33840980316435,23.17991235114193,2018-10-05-16-00-37
1.0,113.33865932067116,23.17991189862124,2018-10-05-16-00-37
2.0,113.33940787886866,23.179910545827674,2018-10-05-16-00-37
2.0,113.33965740020372,23.179910096526186,2018-10-05-16-00-37
1.0,113.34290127234895,23.179904335944613,2018-10-05-16-00-37
2.0,113.34315080871951,23.179903899420342,2018-10-05-16-00-37
1.0,113.34389942490586,23.17990259590559,2018-10-05-16-00-37
2.0,113.33816026951055,23.180162710689462,2018-10-05-16-00-37
1.0,113.33865930359791,23.18016180487337,2018-10-05-16-00-37
1.0,113.33890882204122,23.180161353139354,2018-10-05-16-00-37
1.0,113.33915834143507,23.180160902204094,2018-10-05-16-00-37
1.0,113.33940786179255,23.180160452079683,2018-10-05-16-00-37
1.0,113.33965738312666,23.18016000277815,2018-10-05-16-00-37
1.0,113.34315079162936,23.180153805671715,2018-10-05-16-00-37
1.0,113.3436498678932,23.18015293564033,2018-10-05-16-00-37
4.0,113.33840976901959,23.180412163687,2018-10-05-16-00-37
2.0,113.33865928652449,23.180411711166226,2018-10-05-16-00-37
1.0,113.33890880496685,23.18041125943216,2018-10-05-16-00-37
1.0,113.3434003120783,23.180403276441254,2018-10-05-16-00-37
3.0,113.34389939071986,23.180402408448803,2018-10-05-16-00-37
1.0,113.34639485849104,23.180398132588916,2018-10-05-16-00-37
2.0,113.33840975194694,23.180662070020663,2018-10-05-16-00-37
1.0,113.33940782763979,23.180660264705896,2018-10-05-16-00-37
2.0,113.34290122108072,23.18065405482106,2018-10-05-16-00-37
2.0,113.34315075744853,23.180653618296656,2018-10-05-16-00-37
1.0,113.34340029498692,23.180653182774073,2018-10-05-16-00-37
1.0,113.34364983370868,23.180652748265096,2018-10-05-16-00-37
2.0,113.3438993736266,23.18065231478152,2018-10-05-16-00-37
1.0,113.34514709160395,23.180650163155647,2018-10-05-16-00-37
1.0,113.34639484138876,23.180648038921213,2018-10-05-16-00-37
1.0,113.33816021829551,23.180912429690622,2018-10-05-16-00-37
2.0,113.33840973487415,23.180911976395144,2018-10-05-16-00-37
1.0,113.33865925237713,23.180911523874283,2018-10-05-16-00-37
1.0,113.33915829020857,23.18091062120475,2018-10-05-16-00-37
1.0,113.33965733189446,23.18090972177855,2018-10-05-16-00-37
1.0,113.34315074035786,23.180903524670335,2018-10-05-16-00-37
2.0,113.34389935653317,23.180902221155076,2018-10-05-16-00-37
1.0,113.34414889765907,23.18090178870861,2018-10-05-16-00-37
1.0,113.35762690924842,23.171383880686808,2018-10-05-16-00-37
1.0,113.34864147492421,23.17189759123907,2018-10-05-16-00-37
1.0,113.34889104144463,23.171897180709344,2018-10-05-16-00-37
1.0,113.34939017887545,23.171896363465933,2018-10-05-16-00-37
1.0,113.34889102433924,23.172147085685182,2018-10-05-16-00-37
1.0,113.3518859398857,23.172142261472008,2018-10-05-16-00-37
1.0,113.35213552632507,23.17214186830565,2018-10-05-16-00-37
1.0,113.35238511438112,23.172141476552824,2018-10-05-16-00-37
1.0,113.3548810864662,23.172137639173908,2018-10-05-16-00-37
1.0,113.3493901446611,23.172396173456434,2018-10-05-16-00-37
1.0,113.34963971559431,23.172395766765288,2018-10-05-16-00-37
1.0,113.34988928802349,23.17239536137628,2018-10-05-16-00-37
2.0,113.35088759294358,23.17239375306633,2018-10-05-16-00-37
1.0,113.35138675469528,23.17239295701557,2018-10-05-16-00-37
1.0,113.35313387124857,23.172390214899405,2018-10-05-16-00-37
1.0,113.35463146446816,23.172387921205093,2018-10-05-16-00-37
1.0,113.35538028433584,23.172386794762396,2018-10-05-16-00-37
1.0,113.35038840319677,23.172894364696013,2018-10-05-16-00-37
1.0,113.35063798018524,23.172893963280753,2018-10-05-16-00-37
1.0,113.35138672046669,23.172892767161564,2018-10-05-16-00-37
1.0,113.35163630370606,23.172892371201115,2018-10-05-16-00-37
1.0,113.34939009333831,23.17314588873517,2018-10-05-16-00-37
2.0,113.35063796307324,23.173143868412584,2018-10-05-16-00-37
1.0,113.35138670335216,23.173142672293263,2018-10-05-16-00-37
1.0,113.34839180722643,23.173397433467215,2018-10-05-16-00-37
1.0,113.34889093880993,23.17339661115036,2018-10-05-16-00-37
1.0,113.3496396471602,23.17339538721511,2018-10-05-16-00-37
1.0,113.35038836897422,23.173394174998972,2018-10-05-16-00-37
1.0,113.35063794596105,23.173393773583626,2018-10-05-16-00-37
1.0,113.35288420979424,23.173390222793373,2018-10-05-16-00-37
1.0,113.34864135518923,23.173646926891,2018-10-05-16-00-37
1.0,113.35038835186272,23.17364408020932,2018-10-05-16-00-37
1.0,113.35088750737928,23.17364327872555,2018-10-05-16-00-37
5.0,113.35113708746654,23.173642880015308,2018-10-05-16-00-37
1.0,113.35138666912258,23.173642482674346,2018-10-05-16-00-37
1.0,113.351885837189,23.173641692144646,2018-10-05-16-00-37
1.0,113.35213542362337,23.173641298978023,2018-10-05-16-00-37
1.0,113.35238501167446,23.173640907224932,2018-10-05-16-00-37
1.0,113.348391773017,23.173897243927932,2018-10-05-16-00-37
1.0,113.34864133808355,23.173896832140965,2018-10-05-16-00-37
3.0,113.35138665200752,23.17389238792383,2018-10-05-16-00-37
1.0,113.34839175591206,23.174147149217315,2018-10-05-16-00-37
1.0,113.35513055607107,23.17413650489571,2018-10-05-16-00-37
1.0,113.35538016444193,23.174136130954572,2018-10-05-16-00-37
1.0,113.3486413038717,23.17439664275908,2018-10-05-16-00-37
1.0,113.34814215807232,23.17464737294703,2018-10-05-16-00-37
4.0,113.34839170459612,23.174896865322246,2018-10-05-16-00-37
1.0,113.34914040413851,23.174895633742857,2018-10-05-16-00-37
1.0,113.35388248897907,23.174888113643778,2018-10-05-16-00-37
1.0,113.34839168749048,23.175146770769658,2018-10-05-16-00-37
1.0,113.35138654931373,23.175391820249477,2018-10-05-16-00-37
1.0,113.3553800445398,23.175885469078604,2018-10-05-16-00-37
1.0,113.35562965467446,23.17588509669143,2018-10-05-16-00-37
1.0,113.34839161906626,23.176146392956266,2018-10-05-16-00-37
1.0,113.34864118412494,23.176145981168908,2018-10-05-16-00-37
1.0,113.3513864979646,23.176141536947462,2018-10-05-16-00-37
1.0,113.35612886316568,23.17613426222735,2018-10-05-16-00-37
1.0,113.34938987092224,23.17639465903955,2018-10-05-16-00-37
1.0,113.3561288460336,23.176384167872143,2018-10-05-16-00-37
1.0,113.353383174813,23.17663822016741,2018-10-05-16-00-37
1.0,113.3511368649688,23.17689165134569,2018-10-05-16-00-37
1.0,113.3483915506393,23.177146015780593,2018-10-05-16-00-37
1.0,113.3511368478524,23.177141557111263,2018-10-05-16-00-37
1.0,113.35138642949671,23.177141159769693,2018-10-05-16-00-37
1.0,113.34938980248079,23.177394282023148,2018-10-05-16-00-37
1.0,113.34864106437004,23.177895321531754,2018-10-05-16-00-37
1.0,113.35088721642929,23.17789167335963,2018-10-05-16-00-37
1.0,113.34839148220972,23.17814563924608,2018-10-05-16-00-37
1.0,113.34914018171835,23.178144407665,2018-10-05-16-00-37
1.0,113.35088719931305,23.178141579285864,2018-10-05-16-00-37
1.0,113.35388221497341,23.178886605574146,2018-10-05-16-00-37
1.0,113.35213497851284,23.18013884839736,2018-10-05-16-00-37
1.0,113.35363253135829,23.180136519458713,2018-10-05-16-00-37
